generation,lifetime,energy_at_death,food_low,food_medium,food_prestige,food_default,cells_visited,predator_touches,drained_ticks,cave_entries,cave_entries_day,cave_entries_night,frac_death_drained,frac_death_starved
1,2091.5822784810125,-0.9291772151898734,4.424050632911392,0.9556962025316456,0.22151898734177214,1.7025316455696202,583.5,0.0,0.0,0.06329113924050633,0.04430379746835443,0.0189873417721519,0.0,1.0
2,1982.7642276422764,-0.9869105691056911,3.707317073170732,0.5853658536585366,0.04878048780487805,1.3089430894308942,557.0813008130082,0.0,0.0,0.08130081300813008,0.04878048780487805,0.032520325203252036,0.0,1.0
3,2020.2189781021898,-1.0365693430656933,3.708029197080292,0.8613138686131386,0.06569343065693431,1.4525547445255473,580.2189781021898,0.0,0.0,0.45985401459854014,0.22627737226277372,0.23357664233576642,0.0,1.0
4,2085.5714285714284,-0.7425806451612903,3.7235023041474653,1.4101382488479262,0.6497695852534562,1.3179723502304148,648.7557603686636,0.0,0.0,0.41935483870967744,0.1935483870967742,0.22580645161290322,0.0,0.9953917050691244
5,1997.0225988700565,-0.6548587570621469,3.9491525423728815,0.7344632768361582,0.3389830508474576,0.8983050847457628,657.3220338983051,0.0,0.0,0.1694915254237288,0.062146892655367235,0.10734463276836158,0.0,0.9887005649717514
6,2022.595238095238,-0.5286904761904763,2.3333333333333335,1.3928571428571428,0.36904761904761907,1.2976190476190477,687.1785714285714,0.0,0.0,0.25595238095238093,0.07142857142857142,0.18452380952380953,0.0,0.9880952380952381
7,2076.6442953020132,-0.836979865771812,2.9295302013422817,1.976510067114094,0.9798657718120806,0.697986577181208,723.2114093959732,0.0,0.0,0.44966442953020136,0.24496644295302014,0.20469798657718122,0.0,1.0
8,1997.6335078534032,-0.0746596858638744,3.136125654450262,1.3455497382198953,0.3612565445026178,0.6492146596858639,740.1256544502618,0.0,0.0,0.387434554973822,0.24083769633507854,0.14659685863874344,0.0,0.9947643979057592
9,2043.6363636363637,-0.8785645933014354,3.028708133971292,1.4258373205741626,0.645933014354067,0.8995215311004785,732.4066985645933,0.0,0.0,0.7368421052631579,0.31100478468899523,0.4258373205741627,0.0,1.0
10,2077.5862068965516,-0.9264137931034484,2.2275862068965515,1.6172413793103448,1.0758620689655172,0.8068965517241379,740.1586206896552,0.0,0.0,0.6379310344827587,0.2689655172413793,0.3689655172413793,0.0,1.0
11,2012.046783625731,-0.7455555555555555,3.3859649122807016,1.327485380116959,0.21052631578947367,0.5906432748538012,702.1578947368421,0.0,0.0,0.6608187134502924,0.25146198830409355,0.4093567251461988,0.0,1.0
12,2039.2528735632184,-0.9759770114942529,3.0057471264367814,1.4367816091954022,0.40804597701149425,0.9655172413793104,728.3448275862069,0.0,0.0,0.4540229885057471,0.22988505747126436,0.22413793103448276,0.0,1.0
13,2065.2046783625733,-0.7857602339181287,2.491228070175439,1.8625730994152048,1.0321637426900585,0.6637426900584795,749.640350877193,0.0,0.0,0.4649122807017544,0.2631578947368421,0.20175438596491227,0.0,1.0
14,2005.9849246231156,-0.7072361809045227,3.386934673366834,1.4974874371859297,0.35678391959798994,0.6331658291457286,729.4673366834171,0.0,0.0,0.7286432160804021,0.4824120603015075,0.24623115577889448,0.0,0.9949748743718593
15,2032.8084112149534,-0.6739719626168224,3.6728971962616823,1.1168224299065421,0.602803738317757,0.8271028037383178,734.5280373831775,0.0,0.0,0.3644859813084112,0.19158878504672897,0.17289719626168223,0.0,0.9953271028037384
16,2065.166163141994,-0.7963444108761328,2.102719033232628,2.217522658610272,0.9879154078549849,0.7280966767371602,740.5498489425981,0.0,0.0,0.35347432024169184,0.20241691842900303,0.1510574018126888,0.0,1.0
17,2012.6634146341464,-0.12634146341463418,3.546341463414634,1.424390243902439,0.3951219512195122,0.7804878048780488,712.6926829268293,0.0,0.0,0.4585365853658537,0.17073170731707318,0.28780487804878047,0.0,0.9853658536585366
18,2039.3236714975844,-0.8612077294685991,2.927536231884058,1.570048309178744,0.5410628019323671,0.8357487922705314,724.231884057971,0.0,0.0,0.3526570048309179,0.18840579710144928,0.1642512077294686,0.0,1.0
19,2068.4155844155844,-0.8138441558441558,3.14025974025974,2.0727272727272728,0.8883116883116883,0.8233766233766234,725.0519480519481,0.0,0.0,0.6961038961038961,0.34025974025974026,0.35584415584415585,0.0,1.0
20,2011.7391304347825,-0.8005434782608696,3.244565217391304,1.076086956521739,0.5271739130434783,0.6521739130434783,689.2282608695652,0.0,0.0,0.6847826086956522,0.358695652173913,0.32608695652173914,0.0,1.0
21,2036.0,-0.9526451612903225,3.1225806451612903,1.0064516129032257,0.2838709677419355,0.864516129032258,671.6,0.0,0.0,0.535483870967742,0.25161290322580643,0.2838709677419355,0.0,1.0
22,2061.4786324786323,-0.5116239316239316,2.635327635327635,2.2877492877492878,0.8233618233618234,0.8319088319088319,720.977207977208,0.0,0.0,0.3817663817663818,0.1737891737891738,0.20797720797720798,0.0,0.9943019943019943
23,2027.7796610169491,-0.6824152542372882,3.652542372881356,1.5084745762711864,0.4703389830508475,0.826271186440678,704.0974576271186,0.0,0.0,0.7627118644067796,0.3389830508474576,0.423728813559322,0.0,0.9957627118644068
24,2031.4358974358975,-0.9011282051282051,3.3282051282051284,1.1641025641025642,0.5230769230769231,0.9128205128205128,730.8717948717949,0.0,0.0,0.4666666666666667,0.24102564102564103,0.22564102564102564,0.0,1.0
25,2069.9873737373737,-0.47921717171717176,3.2777777777777777,1.8156565656565657,1.0,0.8156565656565656,761.1641414141415,0.0,0.0,0.6262626262626263,0.32575757575757575,0.3005050505050505,0.0,0.9974747474747475
26,2019.0650406504064,-0.7541869918699187,3.227642276422764,1.4308943089430894,0.6585365853658537,0.5975609756097561,741.8048780487804,0.0,0.0,0.3821138211382114,0.17479674796747968,0.2073170731707317,0.0,1.0
27,2038.626984126984,-0.369484126984127,3.9206349206349205,1.5793650793650793,0.5793650793650794,1.1468253968253967,755.8293650793651,0.0,0.0,0.11904761904761904,0.05555555555555555,0.06349206349206349,0.0,0.9920634920634921
28,2065.132462686567,-0.5936753731343283,3.1772388059701493,2.4328358208955225,0.9664179104477612,0.8003731343283582,782.4235074626865,0.0,0.0,0.6884328358208955,0.2891791044776119,0.39925373134328357,0.0,0.996268656716418
29,2030.7394366197184,-0.7822535211267605,4.024647887323944,1.5774647887323943,0.5985915492957746,0.823943661971831,767.1267605633802,0.0,0.0,0.9190140845070423,0.43309859154929575,0.4859154929577465,0.0,1.0
30,2022.5014925373134,1.8399701492537313,2.901492537313433,1.7701492537313432,1.008955223880597,1.0119402985074626,771.4238805970149,0.0,0.0,0.7343283582089553,0.4417910447761194,0.29253731343283584,0.0,0.9761194029850746
31,2062.635253054101,-0.848848167539267,3.013961605584642,2.282722513089005,1.0715532286212914,0.8917975567190227,820.197207678883,0.0,0.0,0.9197207678883071,0.4607329842931937,0.45898778359511344,0.0,1.0
32,2036.951724137931,-0.7743793103448275,4.744827586206896,1.796551724137931,0.5206896551724138,0.8379310344827586,823.0068965517241,0.0,0.0,1.1206896551724137,0.6172413793103448,0.503448275862069,0.0,0.996551724137931
33,2032.411214953271,0.6310280373831776,3.3738317757009346,2.292056074766355,0.8294392523364486,0.9532710280373832,821.6168224299065,0.0,0.0,0.3855140186915888,0.1985981308411215,0.18691588785046728,0.0,0.9789719626168224
34,2063.775080906149,-0.7577022653721682,3.8462783171521036,2.2394822006472492,1.2103559870550162,0.8478964401294499,818.6553398058253,0.0,0.0,0.284789644012945,0.15857605177993528,0.1262135922330097,0.0,0.9951456310679612
35,2029.3696275071634,-0.8039541547277936,4.742120343839542,1.5472779369627507,0.6790830945558739,0.836676217765043,826.6045845272206,0.0,0.0,0.9340974212034384,0.44412607449856734,0.4899713467048711,0.0,1.0
36,2049.1160220994475,-0.8724309392265193,3.0110497237569063,2.0386740331491713,0.9060773480662984,1.1546961325966851,837.9751381215469,0.0,0.0,0.9033149171270718,0.511049723756906,0.39226519337016574,0.0,1.0
37,2061.7727272727275,-0.791560606060606,3.6015151515151516,2.6575757575757577,1.1409090909090909,0.7681818181818182,851.4257575757575,0.0,0.0,0.6060606060606061,0.3196969696969697,0.2863636363636364,0.0,1.0
38,2032.7423822714682,-0.7503601108033241,4.346260387811634,1.8781163434903048,0.7479224376731302,1.002770083102493,827.4681440443213,0.0,0.0,0.9418282548476454,0.5595567867036011,0.38227146814404434,0.0,1.0
39,2036.2962085308056,0.6380568720379147,3.744075829383886,2.1279620853080567,0.8791469194312796,1.009478672985782,831.957345971564,0.0,0.0,0.3033175355450237,0.13507109004739337,0.16824644549763032,0.0,0.985781990521327
40,2058.2205683355887,-0.4310013531799729,2.7577807848443845,2.288227334235453,1.4330175913396481,0.7428958051420839,865.4181326116374,0.0,0.0,0.7280108254397835,0.40866035182679294,0.3193504736129905,0.0,0.993234100135318
41,2040.3558897243108,-0.735764411027569,3.754385964912281,2.1954887218045114,0.6867167919799498,1.1102756892230576,856.0100250626566,0.0,0.0,1.0852130325814537,0.49373433583959897,0.5914786967418546,0.0,0.9974937343358395
42,2033.6691176470588,1.8995772058823528,2.90625,2.431985294117647,0.9613970588235294,1.0790441176470589,864.6636029411765,0.0,0.0,1.0735294117647058,0.5128676470588235,0.5606617647058824,0.0,0.9705882352941176
43,2065.5575221238937,-0.7030847029077117,3.0556257901390644,2.4804045512010116,1.3628318584070795,0.6776232616940582,854.4740834386852,0.0,0.0,0.6548672566371682,0.29835651074589126,0.35651074589127685,0.0,0.9987357774968394
44,2029.8189415041784,0.09671309192200561,4.487465181058496,1.7632311977715878,0.7381615598885793,0.8969359331476323,827.6378830083565,0.0,0.0,1.2144846796657383,0.6350974930362117,0.5793871866295265,0.0,0.9916434540389972
45,2040.8900203665987,0.14922606924643586,3.4480651731160896,2.0835030549898166,0.9144602851323829,0.9714867617107943,850.7291242362526,0.0,0.0,0.7596741344195519,0.3869653767820774,0.3727087576374745,0.0,0.9857433808553971
46,2060.9847198641764,-0.8471477079796265,2.757215619694397,2.66213921901528,1.2105263157894737,0.8539898132427843,859.1901528013582,0.0,0.0,0.6213921901528013,0.3837011884550085,0.23769100169779286,0.0,1.0
47,2035.8650793650793,-0.5364285714285715,4.115079365079365,2.017857142857143,0.873015873015873,0.9206349206349206,857.2738095238095,0.0,0.0,0.47023809523809523,0.22023809523809523,0.25,0.0,0.9940476190476191
48,2035.6450980392158,1.6230588235294117,3.5862745098039217,2.0470588235294116,0.9294117647058824,1.031372549019608,843.743137254902,0.0,0.0,0.9490196078431372,0.44509803921568625,0.503921568627451,0.0,0.9705882352941176
49,2065.4780361757107,-0.760452196382429,3.395348837209302,2.5025839793281652,1.3191214470284238,0.6989664082687338,847.9767441860465,0.0,0.0,0.5813953488372093,0.2971576227390181,0.2842377260981912,0.0,1.0
50,2039.5208845208845,-0.6957493857493858,4.108108108108108,1.945945945945946,0.7911547911547911,0.941031941031941,845.5233415233415,0.0,0.0,0.6093366093366094,0.28746928746928746,0.32186732186732187,0.0,0.9975429975429976
51,2045.458064516129,-0.5453548387096774,3.7311827956989245,2.247311827956989,0.8688172043010752,1.0559139784946237,852.3161290322581,0.0,0.0,0.9053763440860215,0.45161290322580644,0.45376344086021503,0.0,0.9956989247311828
52,2058.7730414746543,0.13890552995391706,2.877880184331797,2.3951612903225805,1.5679723502304148,0.6417050691244239,857.6013824884793,0.0,0.0,0.9078341013824884,0.44815668202764974,0.4596774193548387,0.0,0.9907834101382489
53,2038.775828460039,-0.731130604288499,3.9805068226120857,1.695906432748538,1.1306042884990253,0.9610136452241715,857.504873294347,0.0,0.0,0.935672514619883,0.530214424951267,0.40545808966861596,0.0,0.9980506822612085
54,2039.899193548387,0.37433467741935483,3.655241935483871,1.7338709677419355,1.159274193548387,1.0423387096774193,854.0181451612904,0.0,0.0,0.7217741935483871,0.29838709677419356,0.42338709677419356,0.0,0.9758064516129032
55,2065.1405342624853,-0.6484436701509871,3.103368176538908,1.7200929152148665,1.7305458768873403,0.6608594657375145,900.8257839721255,0.0,0.0,1.0871080139372822,0.5319396051103368,0.5551684088269454,0.0,0.9953542392566783
56,2037.558091286307,-0.4913900414937759,4.047717842323651,2.0497925311203318,0.8589211618257261,0.9647302904564315,873.8817427385892,0.0,0.0,1.2468879668049793,0.7468879668049793,0.5,0.0,0.995850622406639
57,2040.062101910828,1.0535509554140128,3.9140127388535033,2.1910828025477707,1.1353503184713376,0.8964968152866242,919.0987261146497,0.0,0.0,0.643312101910828,0.304140127388535,0.339171974522293,0.0,0.9697452229299363
58,2048.723451327434,0.6496238938053097,3.3030973451327434,2.3484513274336285,1.342920353982301,0.6924778761061947,899.3241150442478,0.0,0.0,0.5486725663716814,0.3163716814159292,0.2323008849557522,0.0,0.9823008849557522
59,2037.8682284040995,0.24344070278184482,4.087847730600293,1.534407027818448,1.2489019033674964,0.7715959004392386,888.701317715959,0.0,0.0,0.568081991215227,0.26939970717423134,0.2986822840409956,0.0,0.9926793557833089
60,2036.7842565597668,1.652186588921283,3.043731778425656,1.989795918367347,1.3177842565597668,0.7871720116618076,867.2274052478134,0.0,0.0,1.0,0.4620991253644315,0.5379008746355685,0.0,0.9723032069970845
61,2055.8858397365534,-0.25518111964873763,3.013172338090011,2.0911086717892426,1.487376509330406,0.6619099890230515,874.2173435784852,0.0,0.0,0.6278814489571899,0.3194291986827662,0.3084522502744237,0.0,0.9879253567508233
62,2043.0945558739254,-0.0005157593123209161,3.71919770773639,1.82378223495702,1.3825214899713467,0.8080229226361032,916.3495702005731,0.0,0.0,0.9856733524355301,0.4799426934097421,0.505730659025788,0.0,0.9899713467048711
63,2026.840616966581,2.7925578406169667,3.6992287917737787,2.0167095115681235,1.2647814910025708,0.8496143958868895,885.9344473007712,0.0,0.0,0.7300771208226221,0.33676092544987146,0.39331619537275064,0.0,0.9588688946015425
64,2053.662239089184,0.0766223908918406,3.111954459203036,1.7960151802656545,1.7912713472485768,0.5464895635673624,897.6518026565465,0.0,0.0,0.49146110056925996,0.24857685009487665,0.2428842504743833,0.0,0.9905123339658444
65,2041.6892307692308,-0.2274461538461538,4.126153846153846,1.5846153846153845,1.3615384615384616,0.7938461538461539,893.5738461538461,0.0,0.0,1.0661538461538462,0.5123076923076924,0.5538461538461539,0.0,0.9923076923076923
66,2039.9694444444444,1.4597499999999999,3.2222222222222223,2.0875,1.2861111111111112,0.8361111111111111,907.0138888888889,0.0,0.0,0.9777777777777777,0.4444444444444444,0.5333333333333333,0.0,0.9694444444444444
67,2053.0505514705883,0.3291911764705882,3.0220588235294117,2.228860294117647,1.6681985294117647,0.5661764705882353,922.9393382352941,0.0,0.0,0.6341911764705882,0.3180147058823529,0.3161764705882353,0.0,0.9880514705882353
68,2042.2865248226951,0.49582978723404253,3.8170212765957445,1.9333333333333333,1.174468085106383,0.7177304964539007,896.4482269503546,0.0,0.0,1.0028368794326241,0.47092198581560285,0.5319148936170213,0.0,0.9829787234042553
69,2039.0918635170603,1.3460104986876642,3.958005249343832,1.9304461942257218,1.2559055118110236,0.7427821522309711,906.8031496062993,0.0,0.0,0.7047244094488189,0.34908136482939633,0.3556430446194226,0.0,0.9698162729658792
70,2057.1216089803556,-0.2609541627689429,2.4929840972871844,2.187090739008419,1.7109448082319925,0.5182413470533208,906.8521983161834,0.0,0.0,0.5893358278765201,0.3049579045837231,0.284377923292797,0.0,0.9925163704396632
71,2043.1511976047905,-0.12047904191616766,3.8997005988023954,1.8997005988023952,1.1062874251497006,0.7514970059880239,962.3577844311377,0.0,0.0,0.9595808383233533,0.4625748502994012,0.49700598802395207,0.0,0.9865269461077845
72,2024.9125295508275,3.8243617021276592,3.0602836879432624,2.3640661938534278,1.3486997635933806,0.6985815602836879,908.2943262411347,0.0,0.0,0.9125295508274232,0.44680851063829785,0.4657210401891253,0.0,0.9444444444444444
73,2049.7083981337482,0.8372006220839813,2.6586314152410577,2.34447900466563,1.6586314152410575,0.4774494556765163,929.3312597200622,0.0,0.0,0.609642301710731,0.3359253499222395,0.2737169517884914,0.0,0.9766718506998445
74,2034.3124165554073,1.2309078771695594,4.148197596795727,1.8384512683578105,1.2269692923898532,0.7276368491321762,947.9919893190921,0.0,0.0,0.6221628838451269,0.29506008010680906,0.32710280373831774,0.0,0.9786381842456608
75,2017.1496232508073,4.599106566200215,3.5866523143164692,1.9989235737351991,1.3530678148546824,0.7072120559741658,945.3110871905275,0.0,0.0,0.8428417653390743,0.41119483315392896,0.4316469321851453,0.0,0.9311087190527448
76,2058.377162629758,0.6962543252595156,2.2595155709342563,2.5795847750865053,1.8235294117647058,0.5077854671280276,962.4273356401384,0.0,0.0,1.0977508650519032,0.5077854671280276,0.5899653979238755,0.0,0.986159169550173
77,2047.3066037735848,0.3924292452830188,3.8443396226415096,2.0330188679245285,1.3643867924528301,0.6816037735849056,957.1969339622641,0.0,0.0,0.8066037735849056,0.3785377358490566,0.42806603773584906,0.0,0.9787735849056604
78,2012.6093591047813,5.107578840284842,3.560528992878942,2.5106815869786367,1.0834181078331637,0.6866734486266531,944.7965412004069,0.0,0.0,0.582909460834181,0.306205493387589,0.2767039674465921,0.0,0.91353001017294
79,2047.7183823529413,1.3917720588235294,2.664705882352941,2.333823529411765,1.798529411764706,0.5007352941176471,942.8529411764706,0.0,0.0,0.6286764705882353,0.31985294117647056,0.3088235294117647,0.0,0.9720588235294118
80,2048.8444676409185,0.4833507306889353,3.208768267223382,1.917536534446764,1.5793319415448852,0.6315240083507306,967.2912317327766,0.0,0.0,0.9582463465553236,0.4592901878914405,0.4989561586638831,0.0,0.9832985386221295
81,2031.73755186722,3.2415041493775933,3.0612033195020745,2.521784232365145,1.2344398340248963,0.6545643153526971,955.3558091286307,0.0,0.0,0.8163900414937759,0.3921161825726141,0.4242738589211618,0.0,0.946058091286307
82,2052.8924652523774,1.2556254572055596,2.214337966349671,2.346013167520117,2.17117776152158,0.43452816386247256,971.3547915142648,0.0,0.0,0.7856620336503292,0.4264813460131675,0.35918068763716166,0.0,0.9809802487198245
83,2056.934869739479,-0.23765531062124248,3.288577154308617,2.0801603206412826,1.4899799599198398,0.5831663326653307,979.2705410821643,0.0,0.0,0.8997995991983968,0.39478957915831664,0.5050100200400801,0.0,0.9909819639278558
84,2010.6083690987125,5.3738519313304725,3.723175965665236,2.1587982832618025,1.3304721030042919,0.7972103004291845,951.7585836909872,0.0,0.0,0.7081545064377682,0.3261802575107296,0.38197424892703863,0.0,0.9238197424892703
85,2045.2542603953648,2.3333605998636675,2.5719154737559644,2.2208588957055215,1.9843217450579413,0.4458077709611452,954.9018404907976,0.0,0.0,1.1070211315610088,0.5705521472392638,0.5364689843217451,0.0,0.9754601226993865
86,2049.0209863588666,-0.01464847848898214,3.2151101783840503,2.3672612801678907,1.359916054564533,0.633788037775446,945.7292759706191,0.0,0.0,0.9884575026232949,0.44805876180482684,0.540398740818468,0.0,0.9853095487932844
87,2030.7814207650274,3.969963570127505,3.3296903460837886,2.577413479052823,1.3688524590163935,0.639344262295082,946.212204007286,0.0,0.0,1.2632058287795993,0.5792349726775956,0.6839708561020036,0.0,0.9316939890710383
88,2053.735959153902,1.4306929248723559,2.5966447848285923,2.788475565280817,1.6061269146608315,0.4726477024070022,961.0955506929249,0.0,0.0,1.3544857768052516,0.6513493800145879,0.7031363967906638,0.0,0.973741794310722
89,2055.5299374441465,0.44984807864164433,3.3002680965147455,2.097408400357462,1.4334226988382484,0.5254691689008043,977.3833780160858,0.0,0.0,1.1340482573726542,0.5183199285075961,0.6157283288650581,0.0,0.9848078641644326
90,2025.0668016194331,3.882803643724696,3.0738866396761133,2.4493927125506074,1.3967611336032388,0.6791497975708503,966.4665991902834,0.0,0.0,0.8299595141700404,0.39878542510121456,0.4311740890688259,0.0,0.9321862348178138
91,2050.3070507960574,1.1084988627748296,2.5170583775587567,2.5511751326762697,1.8165276724791508,0.4632297194844579,1014.5390447308567,0.0,0.0,0.8036391205458681,0.42077331311599697,0.38286580742987114,0.0,0.9810462471569371
92,2050.2608311229,0.9169496021220158,3.02210433244916,2.117595048629531,1.6507515473032714,0.5366931918656057,979.7444739168877,0.0,0.0,1.3554376657824934,0.6595932802829354,0.695844385499558,0.0,0.9840848806366048
93,2022.339457567804,4.798285214348207,3.331583552055993,2.438320209973753,1.4199475065616798,0.6509186351706037,946.9492563429571,0.0,0.0,1.0428696412948382,0.5205599300087489,0.5223097112860893,0.0,0.916010498687664
94,2035.5046001415428,3.2621797593772115,2.606510969568294,2.278839348903043,1.8832271762208068,0.49256900212314225,971.0120311394197,0.0,0.0,0.6454352441613588,0.31280962491153574,0.3326256192498231,0.0,0.9646142958244869
95,2058.2762577228596,-0.021827007943512788,3.0944395410414827,1.9249779346866724,1.6037069726390114,0.5533980582524272,999.2497793468667,0.0,0.0,1.3927625772285968,0.6584289496910856,0.7343336275375111,0.0,0.9858781994704324
96,2019.01026119403,4.950886194029851,3.074626865671642,2.4281716417910446,1.3833955223880596,0.6856343283582089,987.2975746268656,0.0,0.0,1.2229477611940298,0.5783582089552238,0.644589552238806,0.0,0.9263059701492538
97,2048.783747481531,2.0039288112827403,2.455339153794493,2.728005372733378,1.7212894560107455,0.4600402955003358,997.2175957018133,0.0,0.0,0.8361316319677636,0.45936870382807254,0.3767629281396911,0.0,0.9691067830758898
98,2059.034574468085,0.2385283687943262,3.2641843971631204,2.1569148936170213,1.448581560283688,0.5372340425531915,959.3324468085107,0.0,0.0,1.5877659574468086,0.7349290780141844,0.8528368794326241,0.0,0.9867021276595744
99,2019.3800515907137,5.097463456577817,3.4565778159931213,2.339638865004299,1.3396388650042992,0.6319862424763543,972.2347377472055,0.0,0.0,1.2003439380911436,0.585554600171969,0.6147893379191746,0.0,0.9088564058469476
100,2061.3930885529157,0.37657307415406766,2.2663786897048235,2.414686825053996,1.9488840892728583,0.43628509719222464,968.5291576673866,0.0,0.0,0.9568034557235421,0.476601871850252,0.48020158387329015,0.0,0.9877609791216703
101,2058.590405904059,0.03149446494464946,3.059040590405904,2.327490774907749,1.3616236162361623,0.566420664206642,986.9575645756457,0.0,0.0,1.613468634686347,0.7250922509225092,0.8883763837638377,0.0,0.988929889298893
102,2034.6869495596477,4.254539631705365,2.787029623698959,2.598879103282626,1.510008006405124,0.5940752602081665,951.4915932746197,0.0,0.0,1.7718174539631706,0.8190552441953562,0.9527622097678142,0.0,0.9159327461969575
103,2043.9448717948717,2.2267371794871793,2.33974358974359,2.7474358974358974,1.9134615384615385,0.43012820512820515,981.8282051282051,0.0,0.0,1.0217948717948717,0.5262820512820513,0.49551282051282053,0.0,0.967948717948718
104,2048.628216503993,0.641854480922804,3.3620230700976044,1.9396628216503993,1.4933451641526176,0.520851818988465,969.2599822537711,0.0,0.0,1.1925465838509317,0.5900621118012422,0.6024844720496895,0.0,0.9840283939662822
105,2018.7466777408638,5.090880398671096,3.261627906976744,2.26578073089701,1.4011627906976745,0.6578073089700996,931.1328903654485,0.0,0.0,1.3729235880398671,0.6353820598006644,0.7375415282392026,0.0,0.9111295681063123
106,2053.2532601235416,1.0970144131777624,2.0020590253946464,2.7858613589567605,1.8345916266300617,0.47014413177762526,953.334248455731,0.0,0.0,0.9931365820178449,0.5003431708991077,0.49279341111873715,0.0,0.9794097460535347
107,2055.736797274276,0.1718824531516184,3.1115843270868826,2.380749574105622,1.448892674616695,0.5357751277683135,981.9991482112437,0.0,0.0,1.0417376490630323,0.5127768313458262,0.5289608177172062,0.0,0.9880749574105622
108,2011.5252951096122,5.424721753794267,3.3473861720067455,2.6711635750421587,1.1374367622259696,0.6509274873524452,923.0236087689714,0.0,0.0,1.0674536256323777,0.4881956155143339,0.5792580101180439,0.0,0.9055649241146712
109,2047.3268101761253,1.826125244618395,2.405740378343118,2.645140247879974,1.8714938030006523,0.4207436399217221,966.5883887801696,0.0,0.0,0.6653620352250489,0.31702544031311153,0.34833659491193736,0.0,0.9719504240052185
110,2040.5770547945206,1.537474315068493,2.6669520547945207,2.059931506849315,1.6429794520547945,0.5368150684931506,921.7200342465753,0.0,0.0,0.8356164383561644,0.4143835616438356,0.4212328767123288,0.0,0.973458904109589
111,2024.3231173380036,4.290175131348511,2.8809106830122593,2.6103327495621715,1.2837127845884413,0.6462346760070052,917.8686514886165,0.0,0.0,0.5980735551663747,0.3161120840630473,0.2819614711033275,0.0,0.9290718038528897
112,2059.2153846153847,1.881570512820513,2.091666666666667,2.556410256410256,2.0846153846153848,0.4326923076923077,945.4711538461538,0.0,0.0,1.4782051282051283,0.7262820512820513,0.7519230769230769,0.0,0.9717948717948718
113,2051.284518828452,0.8730041841004185,2.8200836820083683,2.1631799163179917,1.5682008368200837,0.5221757322175732,981.3933054393306,0.0,0.0,1.4142259414225942,0.6410041841004184,0.7732217573221757,0.0,0.9815899581589959
114,2017.7549956559512,5.781433536055604,3.1807124239791484,2.2710686359687227,1.4022589052997394,0.6020851433536055,948.8505647263249,0.0,0.0,0.9348392701998263,0.43353605560382275,0.5013032145960035,0.0,0.9035621198957429
115,2047.703275529865,2.2688696210661528,2.4149004495825306,2.157353885677585,1.9755940912010277,0.4258188824662813,949.3519588953114,0.0,0.0,1.0372511239563262,0.5202312138728323,0.5170199100834939,0.0,0.9717405266538215
116,2056.8507853403144,0.0076439790575916645,2.787958115183246,2.4607329842931938,1.37434554973822,0.5462478184991274,974.8211169284468,0.0,0.0,1.3952879581151831,0.6701570680628273,0.725130890052356,0.0,0.9851657940663177
117,2020.4826711749788,5.529120879120879,3.272189349112426,2.6677937447168216,1.3330515638207945,0.6297548605240912,936.4894336432798,0.0,0.0,1.1132713440405748,0.5401521555367709,0.5731191885038038,0.0,0.9019442096365173
118,2045.149011299435,3.0438135593220337,2.5543785310734464,2.858050847457627,1.6475988700564972,0.461864406779661,944.632768361582,0.0,0.0,1.2309322033898304,0.6694915254237288,0.5614406779661016,0.0,0.9689265536723164
119,2055.9559471365637,0.875806167400881,3.1770925110132158,2.1973568281938327,1.5145374449339206,0.5321585903083701,973.1541850220265,0.0,0.0,1.2405286343612334,0.5488986784140969,0.6916299559471366,0.0,0.9806167400881057
120,2018.9440619621344,5.5572891566265055,2.9707401032702236,2.400172117039587,1.4122203098106711,0.6514629948364888,917.1944922547332,0.0,0.0,1.5946643717728055,0.7280550774526678,0.8666092943201377,0.0,0.9096385542168675
121,2053.738668555241,1.0239589235127478,2.285410764872521,2.659348441926346,1.748583569405099,0.448300283286119,961.8052407932012,0.0,0.0,0.8215297450424929,0.43059490084985835,0.3909348441926346,0.0,0.9808781869688386
122,2058.5248169243287,0.7366314076484948,2.8266883645240033,2.1391375101708707,1.5890968266883645,0.5142392188771359,944.9210740439381,0.0,0.0,1.306753458096013,0.645240032546786,0.661513425549227,0.0,0.9829129373474369
123,2018.66308835673,5.819496284062758,3.1032204789430224,2.491329479768786,1.374896779521057,0.6118909991742362,943.8158546655657,0.0,0.0,1.022295623451693,0.41040462427745666,0.6118909991742362,0.0,0.9075144508670521
124,2041.4046997389034,2.9998563968668406,2.5300261096605743,2.283942558746736,1.8798955613577024,0.4425587467362924,941.8727154046998,0.0,0.0,0.5580939947780679,0.3139686684073107,0.24412532637075718,0.0,0.9627937336814621
125,2057.164055299539,1.076479262672811,3.15852534562212,1.9963133640552995,1.5465437788018432,0.5972350230414747,957.9207373271889,0.0,0.0,1.344700460829493,0.5935483870967742,0.7511520737327189,0.0,0.9815668202764977
126,2035.757180156658,3.7792515230635333,2.9155787641427326,2.5796344647519582,1.3559617058311575,0.6405570060922542,957.1453437771976,0.0,0.0,0.8946910356832027,0.40992167101827676,0.48476936466492604,0.0,0.9199303742384682
127,2047.4758620689656,1.3922068965517242,2.4248275862068964,2.8289655172413792,1.7420689655172414,0.46206896551724136,987.2951724137931,0.0,0.0,0.49379310344827587,0.2517241379310345,0.24206896551724139,0.0,0.976551724137931
128,2050.9982378854625,0.9970837004405286,3.2634361233480176,2.411453744493392,1.3013215859030838,0.5894273127753304,919.8114537444934,0.0,0.0,1.482819383259912,0.7057268722466961,0.7770925110132159,0.0,0.9762114537444934
129,2022.6194690265486,4.758777152051488,3.1979082864038615,2.4360418342719226,1.3877715205148833,0.6162510056315366,935.2196299275945,0.0,0.0,0.7900241351568785,0.34352373290426386,0.4465004022526146,0.0,0.9082864038616251
130,2049.6789716545813,1.3709624258404747,2.01318391562294,2.4680290046143702,2.02636783124588,0.44495715227422544,947.1951219512196,0.0,0.0,0.7455504284772577,0.3770599868160844,0.3684904416611734,0.0,0.976928147659855
131,2049.9677708146824,0.6398030438675022,2.85496866606983,2.4136078782453,1.350044762757386,0.5514771709937332,972.1145926589078,0.0,0.0,0.8504923903312444,0.40465532676812893,0.4458370635631155,0.0,0.9847806624888094
132,2020.867824773414,5.4947054380664655,2.581570996978852,2.6790030211480365,1.5498489425981874,0.6034743202416919,929.6246223564955,0.0,0.0,0.9788519637462235,0.4471299093655589,0.5317220543806647,0.0,0.9040785498489426
133,2049.7832604622113,1.7090068707058088,2.156777014366021,2.747033104309806,1.9275452841973766,0.4134915677701437,938.5340412242349,0.0,0.0,0.6327295440349782,0.35165521549031853,0.2810743285446596,0.0,0.976889444097439
134,2047.2883895131085,1.9062453183520598,3.3820224719101124,2.106741573033708,1.4644194756554307,0.549625468164794,915.7949438202247,0.0,0.0,0.99812734082397,0.5149812734082397,0.48314606741573035,0.0,0.9756554307116105
135,2026.391129032258,4.132427419354839,3.0637096774193546,2.3120967741935483,1.4903225806451612,0.6217741935483871,934.2846774193548,0.0,0.0,1.038709677419355,0.49274193548387096,0.5459677419354839,0.0,0.9161290322580645
136,2048.198347107438,1.9192079889807163,2.0165289256198347,2.8960055096418733,1.8539944903581267,0.4607438016528926,954.8787878787879,0.0,0.0,0.8016528925619835,0.41460055096418735,0.38705234159779617,0.0,0.971763085399449
137,2053.7125950972104,0.632028740490279,3.016906170752325,2.4699915469146236,1.4184277261200338,0.5232459847844463,954.7117497886728,0.0,0.0,0.9737954353338969,0.463229078613694,0.5105663567202029,0.0,0.9830938292476754
138,2010.7139240506328,7.223510548523207,3.1037974683544305,2.788185654008439,1.229535864978903,0.6632911392405063,918.5493670886076,0.0,0.0,1.0776371308016877,0.5434599156118144,0.5341772151898734,0.0,0.8869198312236287
139,2048.7701941139635,1.5677395115842203,2.3569192235441454,2.6280525986224172,1.8772698810269255,0.41828428303068255,935.2811521603005,0.0,0.0,0.5453976205385097,0.2767689417658109,0.2686286787726988,0.0,0.9749530369442705
140,2059.850136239782,-0.0433514986376022,2.844686648501362,2.2352406902815622,1.5758401453224342,0.5694822888283378,936.495004541326,0.0,0.0,1.1044504995458675,0.5467756584922797,0.5576748410535877,0.0,0.9818346957311535
141,2027.5931098696462,4.138333333333333,2.783054003724395,2.74487895716946,1.2830540037243947,0.6582867783985102,913.9357541899441,0.0,0.0,0.8147113594040968,0.4031657355679702,0.41154562383612664,0.0,0.9385474860335196
142,2056.7795172863666,1.7032550554468364,2.050228310502283,2.568166992824527,2.1089367253750817,0.4298760600130463,930.9921722113503,0.0,0.0,1.015655577299413,0.5120678408349641,0.5035877364644488,0.0,0.9719504240052185
143,2056.404,1.007312,2.7904,2.3008,1.7096,0.4912,932.684,0.0,0.0,1.0688,0.5448,0.524,0.0,0.984
144,2019.814548361311,5.9619824140687445,3.308553157474021,2.211031175059952,1.4276578737010392,0.6346922462030375,902.5227817745804,0.0,0.0,0.7833733013589129,0.3820943245403677,0.4012789768185452,0.0,0.9056754596322941
145,2053.2162162162163,1.7542599742599743,2.5025740025740024,2.2651222651222653,2.037966537966538,0.425997425997426,931.9864864864865,0.0,0.0,1.0141570141570142,0.5180180180180181,0.49613899613899615,0.0,0.9716859716859717
146,2049.904973357016,0.8755595026642984,2.801953818827709,2.3516873889875667,1.4928952042628774,0.566607460035524,937.0142095914742,0.0,0.0,1.1323268206039077,0.5985790408525755,0.5337477797513321,0.0,0.9813499111900533
147,2023.1245980707395,4.942990353697749,3.2114147909967845,2.5811897106109325,1.409967845659164,0.6093247588424437,913.1688102893891,0.0,0.0,1.1471061093247588,0.590032154340836,0.5570739549839229,0.0,0.9107717041800643
148,2051.1684931506848,1.5657808219178082,2.4595890410958905,2.8219178082191783,1.7006849315068493,0.44794520547945205,927.8438356164384,0.0,0.0,0.8890410958904109,0.4541095890410959,0.4349315068493151,0.0,0.9726027397260274
149,2053.585325638912,0.44847485572959606,3.0156636438582027,2.138499587798846,1.6545754328112119,0.494641384995878,942.5152514427041,0.0,0.0,1.0049464138499589,0.4624896949711459,0.5424567188788129,0.0,0.9843363561417972
150,2039.5951972555747,3.475917667238422,2.8241852487135506,2.355917667238422,1.5626072041166381,0.6363636363636364,922.3087478559177,0.0,0.0,0.9382504288164666,0.4425385934819897,0.4957118353344768,0.0,0.9313893653516295
151,2058.896983075791,0.562111846946284,2.3200883002207506,2.747608535688006,1.9116997792494481,0.47167034584253126,916.0493009565857,0.0,0.0,0.7991169977924945,0.39514348785871967,0.40397350993377484,0.0,0.9845474613686535
152,2049.7656739811914,1.057719435736677,2.6857366771159876,2.256269592476489,1.7037617554858935,0.48197492163009403,942.4686520376175,0.0,0.0,1.561912225705329,0.7531347962382445,0.8087774294670846,0.0,0.9827586206896551
153,2031.4712460063897,4.8901357827476035,3.2875399361022364,2.5391373801916934,1.4912140575079873,0.5950479233226837,945.2156549520766,0.0,0.0,0.9512779552715654,0.43210862619808305,0.5191693290734825,0.0,0.9145367412140575
154,2038.7091607943626,3.251345291479821,2.4401024983984625,2.282511210762332,1.8936579115951313,0.438821268417681,933.2389493914158,0.0,0.0,0.6675208199871877,0.35169762972453555,0.31582319026265215,0.0,0.9615631005765535
155,2064.4123376623374,-0.11875811688311688,2.8612012987012987,1.9959415584415585,1.7321428571428572,0.502435064935065,929.974025974026,0.0,0.0,1.3547077922077921,0.6558441558441559,0.6988636363636364,0.0,0.9886363636363636
156,2039.2176573426573,4.0225174825174825,2.945804195804196,2.5874125874125875,1.4274475524475525,0.6783216783216783,910.7176573426574,0.0,0.0,1.0646853146853146,0.48513986013986016,0.5795454545454546,0.0,0.923951048951049
157,2056.940247252747,1.7555906593406592,2.4107142857142856,2.9835164835164836,1.8619505494505495,0.49038461538461536,945.6146978021978,0.0,0.0,1.0302197802197801,0.49793956043956045,0.5322802197802198,0.0,0.9608516483516484
158,2060.6471586089906,0.5279813401187448,3.078880407124682,2.3486005089058524,1.458863443596268,0.5504664970313825,934.4062765055131,0.0,0.0,1.6734520780322306,0.7667514843087362,0.9067005937234945,0.0,0.9847328244274809
159,2027.6125907990315,4.798595641646489,3.3890234059725586,2.4390637610976595,1.4213075060532687,0.642453591606134,969.0371267150928,0.0,0.0,1.0677966101694916,0.5488297013720742,0.5189669087974172,0.0,0.9015334947538337
160,2057.2006711409394,1.6367181208053692,2.176510067114094,2.4993288590604026,2.0865771812080536,0.48389261744966444,951.1429530201342,0.0,0.0,0.9691275167785235,0.4865771812080537,0.4825503355704698,0.0,0.9677852348993289
161,2068.9499553172477,0.5400804289544235,2.8668453976764967,2.4316353887399464,1.5612153708668455,0.5674709562109026,956.0017873100983,0.0,0.0,1.6684539767649686,0.8748882931188561,0.7935656836461126,0.0,0.9857015192135835
162,2042.5748829953197,3.8244461778471135,2.68798751950078,2.59204368174727,1.593603744149766,0.6193447737909517,941.3627145085803,0.0,0.0,1.6248049921996879,0.7620904836193447,0.8627145085803433,0.0,0.9196567862714509
163,2044.0070467648943,3.3399871877001925,2.3318385650224216,2.6361306854580397,1.9622037155669443,0.4304932735426009,938.5957719410634,0.0,0.0,1.0204996796925048,0.5278667520819987,0.4926329276105061,0.0,0.9577194106342088
164,2054.169449081803,1.2303338898163607,3.3263772954924873,2.0951585976627713,1.5375626043405677,0.5375626043405676,970.2328881469115,0.0,0.0,1.164440734557596,0.5534223706176962,0.6110183639398998,0.0,0.9799666110183639
165,2033.6303818034119,6.020885458976442,3.2932575142160845,2.232331437855402,1.4679122664500406,0.6263200649878148,937.4914703493095,0.0,0.0,2.0064987814784727,0.9268887083671812,1.0796100731112916,0.0,0.8976441917140536
166,2070.3450210378683,0.33186535764375874,1.9361851332398317,2.978962131837307,1.9221598877980364,0.4726507713884993,967.9831697054699,0.0,0.0,1.255960729312763,0.635343618513324,0.620617110799439,0.0,0.9887798036465638
167,2054.0168134507608,1.142658126501201,3.011208967173739,2.342674139311449,1.5748598879103282,0.5348278622898318,972.6036829463571,0.0,0.0,1.100080064051241,0.5924739791833467,0.5076060848678943,0.0,0.9839871897518014
168,2028.9587378640776,5.686674757281553,3.251618122977346,2.649676375404531,1.3559870550161812,0.6658576051779935,908.0016181229773,0.0,0.0,1.5364077669902914,0.7305825242718447,0.8058252427184466,0.0,0.8956310679611651
169,2050.3224329627205,1.932930019620667,2.4120340091563115,2.6690647482014387,1.9758011772400261,0.4218443427076521,940.5088293001962,0.0,0.0,0.7835186396337476,0.37737083060824067,0.40614780902550685,0.0,0.9764551994767822
170,2078.6451355661884,0.29585326953748003,2.6626794258373208,2.1443381180223287,1.7288676236044658,0.518341307814992,952.1387559808612,0.0,0.0,1.5861244019138756,0.8054226475279107,0.7807017543859649,0.0,0.981658692185008
171,2043.1640759930915,4.125993091537133,3.01727115716753,2.8229706390328153,1.4196891191709844,0.6822107081174439,930.5811744386874,0.0,0.0,1.3618307426597582,0.5906735751295337,0.7711571675302246,0.0,0.9248704663212435
172,2053.3515037593984,3.5007769423558894,2.2098997493734336,2.6986215538847116,2.181704260651629,0.4849624060150376,945.828320802005,0.0,0.0,1.31328320802005,0.6804511278195489,0.6328320802005013,0.0,0.9461152882205514
173,2070.936270653029,0.6565774980330449,2.841856805664831,2.187254130605822,1.6876475216365068,0.5121951219512195,1001.9299763965381,0.0,0.0,1.4343036978756885,0.6978756884343037,0.7364280094413848,0.0,0.985837922895358
174,2027.6889074228525,6.207714762301919,3.299416180150125,2.3636363636363638,1.4970809007506256,0.6713928273561302,946.8440366972477,0.0,0.0,1.0492076730608841,0.5012510425354462,0.5479566305254379,0.0,0.9032527105921602
175,2055.9819935691316,2.1324887459807074,2.5234726688102893,2.2836012861736332,2.1035369774919612,0.4514469453376206,954.0327974276528,0.0,0.0,1.1254019292604502,0.5627009646302251,0.5627009646302251,0.0,0.9665594855305466
176,2069.018790849673,0.20016339869281047,2.752450980392157,2.40359477124183,1.5588235294117647,0.5310457516339869,981.7875816993464,0.0,0.0,1.3684640522875817,0.6004901960784313,0.7679738562091504,0.0,0.9861111111111112
177,2039.4598360655739,5.33622131147541,3.378688524590164,2.7491803278688525,1.4491803278688524,0.671311475409836,960.5926229508196,0.0,0.0,1.2450819672131148,0.6418032786885246,0.6032786885245902,0.0,0.9098360655737705
178,2057.465084745763,1.9444610169491525,2.4908474576271185,2.946440677966102,1.7138983050847458,0.48,945.6589830508475,0.0,0.0,1.3708474576271186,0.7152542372881356,0.655593220338983,0.0,0.9708474576271187
179,2065.199253731343,1.2718880597014925,2.8507462686567164,2.062686567164179,1.7067164179104477,0.47238805970149256,968.2544776119403,0.0,0.0,1.2380597014925374,0.5776119402985075,0.6604477611940298,0.0,0.9768656716417911
180,2048.5891719745223,3.792643312101911,3.042197452229299,2.4211783439490446,1.5406050955414012,0.64171974522293,964.8479299363057,0.0,0.0,1.6202229299363058,0.7898089171974523,0.8304140127388535,0.0,0.9211783439490446
181,2068.1398702235037,0.6170511896178803,2.3713049747656814,2.81182408074982,1.9293439077144916,0.4578226387887527,954.44989185292,0.0,0.0,1.202595529920692,0.5811103100216294,0.6214852198990627,0.0,0.9870223503965393
182,2065.7650909090908,1.3880436363636364,2.637090909090909,2.2865454545454544,1.8450909090909091,0.47709090909090907,940.2174545454545,0.0,0.0,1.7956363636363637,0.8770909090909091,0.9185454545454546,0.0,0.9767272727272728
183,2038.0764572293717,5.328364875094626,3.3860711582134746,2.3088569265707797,1.4928084784254352,0.6260408781226343,964.1302043906131,0.0,0.0,1.6404239212717637,0.7577592732778198,0.882664647993944,0.0,0.9053747161241483
184,2055.7458598726116,2.1154777070063697,2.5,2.3388535031847133,1.9114649681528662,0.43312101910828027,947.0445859872611,0.0,0.0,0.8076433121019109,0.4152866242038217,0.3923566878980892,0.0,0.9726114649681529
185,2069.1183053557156,-0.12481215027977617,3.075139888089528,2.031175059952038,1.6786570743405276,0.5083932853717026,958.9392486011191,0.0,0.0,1.5443645083932853,0.7466027178257394,0.7977617905675459,0.0,0.9896083133493205
186,2046.4687753446879,5.1357826439578265,3.2116788321167884,2.6017842660178427,1.4209245742092458,0.6828872668288727,964.8621248986212,0.0,0.0,2.2335766423357666,1.0705596107055961,1.1630170316301702,0.0,0.902676399026764
187,2046.6335637963546,3.294022627278441,2.4336895034569452,2.819610307982401,1.7944688874921433,0.4896291640477687,962.4556882463859,0.0,0.0,1.0201131363922062,0.5210559396605908,0.49905719673161536,0.0,0.9484600879949717
188,2070.887043189369,0.9295514950166114,3.264950166112957,2.4285714285714284,1.5348837209302326,0.5548172757475083,989.546511627907,0.0,0.0,1.526578073089701,0.7549833887043189,0.771594684385382,0.0,0.979235880398671
189,2035.1971514242878,4.3885232383808095,3.3898050974512746,2.4827586206896552,1.4790104947526237,0.6214392803598201,981.9887556221889,0.0,0.0,1.353823088455772,0.6821589205397302,0.671664167916042,0.0,0.9092953523238381
190,2048.538512179065,2.918604344963792,2.2146148782093484,2.4983541803818303,2.1040157998683346,0.48452929558920343,957.2969058591178,0.0,0.0,1.0717577353522054,0.5042791310072416,0.5674786043449638,0.0,0.9591836734693877
191,2076.2800324675327,0.6424269480519481,2.7857142857142856,2.448051948051948,1.5965909090909092,0.5251623376623377,1007.4399350649351,0.0,0.0,2.0275974025974026,0.9732142857142857,1.0543831168831168,0.0,0.9862012987012987
192,2053.449494949495,3.643593073593074,2.8095238095238093,2.6125541125541125,1.6493506493506493,0.5786435786435786,971.1493506493506,0.0,0.0,1.3629148629148629,0.6363636363636364,0.7265512265512265,0.0,0.9098124098124099
193,2052.390452876377,3.138206854345165,2.3592411260709913,2.7625458996328027,2.01468788249694,0.4485924112607099,1008.9271725826194,0.0,0.0,0.9981640146878825,0.44981640146878826,0.5483476132190942,0.0,0.9577723378212974
194,2066.5072347266882,1.3710610932475884,3.239549839228296,2.0860128617363345,1.6607717041800643,0.5305466237942122,1011.5627009646303,0.0,0.0,0.9951768488745981,0.4662379421221865,0.5289389067524116,0.0,0.9766881028938906
195,2038.8312693498451,3.8375464396284826,3.431888544891641,2.234520123839009,1.568111455108359,0.6277089783281734,988.7948916408669,0.0,0.0,1.4512383900928794,0.6702786377708978,0.7809597523219814,0.0,0.9249226006191951
196,2065.331448763251,0.9825300353356891,2.0402826855123677,3.0480565371024735,1.9929328621908127,0.4791519434628975,995.2155477031802,0.0,0.0,1.2636042402826855,0.6367491166077739,0.6268551236749117,0.0,0.9759717314487633
197,2057.2740569668977,0.9479676674364896,2.916089299461124,2.381832178598922,1.6120092378752886,0.49345650500384913,1018.4311008468052,0.0,0.0,0.8976135488837568,0.4226327944572748,0.4749807544264819,0.0,0.9807544264819091
198,2035.55953307393,4.351284046692607,3.3929961089494163,2.7027237354085605,1.309727626459144,0.6536964980544747,982.8894941634242,0.0,0.0,1.2817120622568094,0.669260700389105,0.6124513618677043,0.0,0.8941634241245137
199,2027.234107579462,5.281393643031786,2.4621026894865525,2.6577017114914425,1.949877750611247,0.44987775061124696,969.2946210268949,0.0,0.0,0.5122249388753056,0.28117359413202936,0.2310513447432763,0.0,0.94559902200489
200,2064.7613458528954,0.685641627543036,2.7136150234741785,2.100156494522692,1.7605633802816902,0.4890453834115806,976.5915492957746,0.0,0.0,1.4577464788732395,0.7143974960876369,0.7433489827856025,0.0,0.9843505477308294
201,2037.9906029757244,3.917126076742365,2.98981989036805,2.7454972592012528,1.3821456538762724,0.6397807361002349,957.5559906029757,0.0,0.0,1.0023492560689116,0.5011746280344558,0.5011746280344558,0.0,0.9185591229444009
202,2050.3292207792206,3.7239285714285715,2.288961038961039,2.737012987012987,2.2675324675324675,0.4772727272727273,993.9597402597402,0.0,0.0,1.2448051948051948,0.6467532467532467,0.5980519480519481,0.0,0.9545454545454546
203,2057.8007633587786,0.6543358778625955,2.8251908396946566,2.261068702290076,1.7679389312977098,0.5099236641221374,994.775572519084,0.0,0.0,1.1755725190839694,0.5595419847328245,0.6160305343511451,0.0,0.9801526717557252
204,2033.6049382716049,5.747515432098766,3.5393518518518516,2.2770061728395063,1.5285493827160495,0.6388888888888888,983.6766975308642,0.0,0.0,1.695216049382716,0.7746913580246914,0.9205246913580247,0.0,0.8966049382716049
205,2038.4962686567164,4.3710572139303485,2.5559701492537314,2.3121890547263684,2.1050995024875623,0.4763681592039801,963.5677860696518,0.0,0.0,0.7400497512437811,0.3656716417910448,0.3743781094527363,0.0,0.945273631840796
206,2064.5630914826497,0.5361829652996846,2.6900630914826498,2.524447949526814,1.639589905362776,0.5031545741324921,1004.5433753943217,0.0,0.0,1.3753943217665616,0.667981072555205,0.7074132492113565,0.0,0.9850157728706624
207,2041.7942293090357,2.526902050113895,3.328777524677297,2.7281700835231586,1.439635535307517,0.6021260440394837,977.496583143508,0.0,0.0,0.7942293090356871,0.39787395596051633,0.39635535307517084,0.0,0.9217919514047077
208,2029.6695652173912,4.964321070234114,2.5645484949832777,2.9759197324414717,1.7117056856187292,0.5123745819397993,939.9625418060201,0.0,0.0,1.337123745819398,0.6548494983277592,0.6822742474916388,0.0,0.948494983277592
209,2047.622599704579,1.6120236336779914,2.901033973412112,2.1639586410635157,1.6927621861152142,0.4933530280649926,951.3397341211225,0.0,0.0,0.9926144756277696,0.48892171344165436,0.5036927621861153,0.0,0.9785819793205317
210,2042.5066147859923,3.235533073929961,3.0389105058365757,2.503501945525292,1.578988326848249,0.6350194552529183,968.8365758754863,0.0,0.0,0.9540856031128405,0.47392996108949415,0.4801556420233463,0.0,0.91284046692607
211,2048.087197231834,2.806138408304498,2.413840830449827,2.8539792387543255,1.896885813148789,0.4754325259515571,949.1702422145329,0.0,0.0,1.1889273356401384,0.5785467128027681,0.6103806228373703,0.0,0.9653979238754326
212,2054.2929889298894,1.05019926199262,2.678228782287823,2.2848708487084872,1.7608856088560885,0.48118081180811806,961.4250922509225,0.0,0.0,1.2568265682656827,0.6250922509225092,0.6317343173431734,0.0,0.9822878228782288
213,2040.1174675819984,3.3353699466056446,3.2623951182303585,2.486651411136537,1.5774218154080855,0.6231884057971014,989.4935163996948,0.0,0.0,1.2829900839054158,0.6193745232646835,0.6636155606407322,0.0,0.9153318077803204
214,2024.8181246066708,5.526966645689113,2.7319068596601634,2.404657016991819,1.9553178099433606,0.49402139710509757,973.6796727501574,0.0,0.0,0.5859030837004405,0.2687224669603524,0.31718061674008813,0.0,0.935179358086847
215,2049.3773728170086,1.519415337889142,2.9255884586180714,2.021260440394837,1.809415337889142,0.4988610478359909,998.7593014426727,0.0,0.0,1.1799544419134396,0.5709946848899012,0.6089597570235383,0.0,0.9787395596051632
216,2050.6331738437,3.1928149920255184,3.2097288676236047,2.7264752791068583,1.4465709728867624,0.6610845295055822,998.0996810207337,0.0,0.0,1.401116427432217,0.6355661881977671,0.7655502392344498,0.0,0.916267942583732
217,2043.8010403120936,2.6740507152145647,2.5045513654096228,2.9609882964889467,1.8368010403120936,0.5,973.039011703511,0.0,0.0,0.7620286085825748,0.41092327698309494,0.3511053315994798,0.0,0.9505851755526658
218,2058.167571761055,1.7138091543832428,3.134988363072149,2.4282389449185415,1.5290923196276183,0.5120248254460822,930.1047323506594,0.0,0.0,1.5352986811481768,0.7556245151280062,0.7796741660201707,0.0,0.9736229635376261
219,2035.770695970696,4.175230769230769,3.399267399267399,2.432234432234432,1.5413919413919415,0.6,964.9076923076923,0.0,0.0,1.353846153846154,0.621978021978022,0.7318681318681318,0.0,0.9062271062271062
220,2057.8528252299607,2.203048620236531,2.235873850197109,2.540078843626807,2.0893561103810776,0.49540078843626806,962.176741130092,0.0,0.0,1.0210249671484888,0.4921156373193167,0.5289093298291722,0.0,0.9566360052562418
221,2069.6747769667477,1.2012489862124898,2.813463098134631,2.4922952149229523,1.5279805352798053,0.5385239253852393,979.4955393349554,0.0,0.0,2.6017842660178427,1.2043795620437956,1.3974047039740471,0.0,0.9797242497972425
222,2056.6139601139603,2.821688034188034,2.816951566951567,2.688746438746439,1.6695156695156694,0.5804843304843305,954.3440170940171,0.0,0.0,1.836894586894587,0.8831908831908832,0.9537037037037037,0.0,0.9245014245014245
223,2051.732580037665,3.414212178279975,2.3188951663527937,2.8757062146892656,2.0458254865034524,0.4293785310734463,958.8669177652229,0.0,0.0,1.7332077840552418,0.8342749529190208,0.898932831136221,0.0,0.9566854990583804
224,2052.8420256991685,1.8892592592592592,3.070294784580499,2.165532879818594,1.6152683295540438,0.490551776266062,934.3922902494331,0.0,0.0,1.0219198790627362,0.48677248677248675,0.5351473922902494,0.0,0.981103552532124
225,2043.7997076023391,4.540175438596491,3.2646198830409356,2.3092105263157894,1.4883040935672514,0.5818713450292398,945.4342105263158,0.0,0.0,2.4473684210526314,1.185672514619883,1.2616959064327486,0.0,0.9159356725146199
226,2075.1832775919734,2.7725551839464884,2.0387959866220737,2.9377926421404683,1.9177257525083613,0.4662207357859532,944.0494983277592,0.0,0.0,3.0642140468227423,1.517056856187291,1.5471571906354515,0.0,0.9585284280936455
227,2069.986013986014,1.8165811965811967,2.9627039627039626,2.547008547008547,1.595959595959596,0.5003885003885004,939.960372960373,0.0,0.0,2.184926184926185,0.9766899766899767,1.2082362082362081,0.0,0.9766899766899767
228,2043.0098261526832,6.361405895691609,3.3922902494331066,2.7747543461829176,1.345427059712774,0.6152683295540439,939.0650037792894,0.0,0.0,3.6515495086923657,1.779289493575208,1.872260015117158,0.0,0.8979591836734694
229,2047.9121578612348,3.672266072565245,2.4939528962444304,2.7848504137492043,2.004455760661999,0.45385105028644174,978.586887332909,0.0,0.0,1.3144493952896243,0.7122851686823679,0.6021642266072565,0.0,0.9598981540420115
230,2080.3151100987093,0.6098785117691724,2.65375854214123,2.087319665907365,1.6962794229309035,0.5094912680334093,987.4836750189826,0.0,0.0,3.826879271070615,1.8549734244495064,1.9719058466211086,0.0,0.9840546697038725
231,2046.0787148594377,5.066971887550201,3.0963855421686746,2.8730923694779116,1.4481927710843374,0.6329317269076306,951.0803212851406,0.0,0.0,1.9598393574297188,0.914859437751004,1.0449799196787148,0.0,0.9188755020080321
232,2051.318667504714,4.341879321181647,2.213073538654934,2.733500942803268,2.201759899434318,0.46700188560653677,986.1489629164048,0.0,0.0,1.9214330609679446,0.940289126335638,0.9811439346323068,0.0,0.9459459459459459
233,2072.148339483395,0.43471586715867155,2.7520295202952028,2.180811808118081,1.807380073800738,0.4826568265682657,969.6420664206642,0.0,0.0,2.2317343173431734,1.1062730627306272,1.1254612546125462,0.0,0.9837638376383764
234,2036.2539308176101,4.770982704402515,3.645440251572327,2.282232704402516,1.4929245283018868,0.6438679245283019,956.0,0.0,0.0,2.035377358490566,0.9819182389937107,1.0534591194968554,0.0,0.9033018867924528
235,2058.978626943005,2.5369689119170986,2.579663212435233,2.4158031088082903,2.1107512953367875,0.4261658031088083,962.7195595854922,0.0,0.0,1.3996113989637307,0.655440414507772,0.7441709844559585,0.0,0.9682642487046632
236,2065.324261275272,1.34146967340591,2.7472783825816487,2.521772939346812,1.5598755832037325,0.5155520995334371,981.8569206842924,0.0,0.0,1.385692068429238,0.7192846034214619,0.666407465007776,0.0,0.9860031104199067
237,2051.622425629291,4.144317315026697,3.4630053394355453,2.7238749046529365,1.444698703279939,0.6254767353165522,961.4492753623189,0.0,0.0,1.257818459191457,0.6041189931350115,0.6536994660564455,0.0,0.9168573607932876
238,2048.255844155844,5.0195259740259734,2.6116883116883116,2.9292207792207794,1.681168831168831,0.5240259740259741,915.1980519480519,0.0,0.0,1.9870129870129871,0.9876623376623377,0.9993506493506493,0.0,0.9376623376623376
239,2063.7064564564566,1.3551726726726727,2.994744744744745,2.235735735735736,1.6809309309309308,0.4947447447447447,972.8378378378378,0.0,0.0,1.2845345345345345,0.6509009009009009,0.6336336336336337,0.0,0.9804804804804805
240,2056.913484021824,3.306196414653157,3.0857365549493374,2.4294621979735,1.5720966484801246,0.6508183943881528,941.3429462197973,0.0,0.0,1.7848791893998441,0.852689010132502,0.9321901792673422,0.0,0.9290724863600935
241,2065.123869171886,1.5684342379958247,2.4954766875434933,2.835073068893528,1.8649965205288797,0.4759916492693111,930.821155184412,0.0,0.0,1.9018789144050103,1.0041753653444676,0.8977035490605428,0.0,0.9714683368128044
242,2070.005934718101,1.4203115727002966,2.7032640949554896,2.343471810089021,1.822700296735905,0.48813056379821956,955.1654302670623,0.0,0.0,2.0956973293768546,1.0252225519287834,1.0704747774480712,0.0,0.9792284866468842
243,2047.2694422623724,5.397996857816182,3.438334642576591,2.5522388059701493,1.506677140612726,0.6402199528672428,971.5820895522388,0.0,0.0,2.326787117046347,1.05184603299293,1.2749410840534172,0.0,0.9065200314218381
244,2045.6117647058823,3.566222222222222,2.596732026143791,2.434640522875817,1.9777777777777779,0.44575163398692813,923.9921568627451,0.0,0.0,0.8816993464052287,0.46143790849673205,0.42026143790849674,0.0,0.9660130718954248
245,2093.3056197074675,0.327752117013087,2.9761354888375675,2.073133179368745,1.7174749807544265,0.5196304849884527,959.6389530408006,0.0,0.0,2.7128560431100848,1.3048498845265588,1.4080061585835257,0.0,0.9861431870669746
246,2074.805910543131,3.229121405750799,3.2140575079872202,2.720447284345048,1.395367412140575,0.6277955271565495,949.232428115016,0.0,0.0,2.7172523961661343,1.268370607028754,1.4488817891373802,0.0,0.9273162939297125
247,2057.754593175853,2.842808398950131,2.522309711286089,2.9717847769028873,1.8818897637795275,0.4881889763779528,965.507874015748,0.0,0.0,1.2106299212598426,0.6108923884514436,0.5997375328083989,0.0,0.9553805774278216
248,2092.9495341614906,0.34663043478260874,3.122670807453416,2.404503105590062,1.4813664596273293,0.5015527950310559,948.8346273291926,0.0,0.0,2.0450310559006213,1.0194099378881987,1.0256211180124224,0.0,0.9860248447204969
249,2053.7453183520597,4.093820224719101,3.3887640449438203,2.438951310861423,1.492883895131086,0.6179775280898876,940.2419475655431,0.0,0.0,1.7812734082397004,0.8906367041198502,0.8906367041198502,0.0,0.9048689138576779
250,2073.605104096709,1.921114842175957,2.242444593687038,2.557421087978509,2.097380792478173,0.4728005372733378,948.1014103425117,0.0,0.0,2.047683008730692,1.0329079919408999,1.0147750167897918,0.0,0.9697783747481531
251,2090.2544080604534,1.3411922753988246,2.9605373635600336,2.5432409739714528,1.5424013434089001,0.5340050377833753,961.3333333333334,0.0,0.0,2.5642317380352644,1.2031905961376994,1.361041141897565,0.0,0.9781696053736356
252,2090.1454154727794,3.610250716332378,2.83810888252149,2.6253581661891117,1.598137535816619,0.5666189111747851,933.3130372492836,0.0,0.0,3.116045845272206,1.5630372492836677,1.5530085959885387,0.0,0.9126074498567335
253,2096.3399258343634,2.6036526576019776,2.2954264524103833,2.7985166872682323,2.003708281829419,0.4147095179233622,925.0655129789864,0.0,0.0,2.673053152039555,1.2818294190358468,1.3912237330037083,0.0,0.9629171817058096
254,2079.744744744745,2.068033033033033,3.1621621621621623,2.135885885885886,1.6794294294294294,0.496996996996997,963.3108108108108,0.0,0.0,2.734234234234234,1.3333333333333333,1.4009009009009008,0.0,0.9744744744744744
255,2065.3966691900077,4.755064345193036,3.514761544284633,2.339137017411052,1.53444360333081,0.6010598031794095,949.6949280847842,0.0,0.0,3.4352763058289173,1.627554882664648,1.8077214231642695,0.0,0.915215745647237
256,2071.2128514056226,3.025575635876841,2.140562248995984,2.9377510040160644,1.9049531459170013,0.4825970548862115,960.5408299866132,0.0,0.0,2.8393574297188753,1.4384203480589022,1.4009370816599733,0.0,0.9578313253012049
257,2084.27765064836,0.8320213577421816,2.964149504195271,2.406559877955759,1.5270785659801678,0.517162471395881,934.8878718535469,0.0,0.0,2.5217391304347827,1.1838291380625476,1.3379099923722348,0.0,0.977116704805492
258,2061.9969301611663,5.12302379125096,3.4581734458940905,2.829623944742901,1.269378357636224,0.6369915579432079,923.2632386799693,0.0,0.0,3.8979278587874138,1.7996930161166538,2.09823484267076,0.0,0.9048349961627015
259,2050.2853582554517,3.550710280373832,2.452959501557632,2.7046728971962617,1.9426791277258566,0.4604361370716511,943.7831775700935,0.0,0.0,1.5532710280373832,0.7682242990654206,0.7850467289719626,0.0,0.9526479750778816
260,2084.0848249027235,0.5536653696498055,2.7408560311284047,2.2264591439688717,1.688715953307393,0.5027237354085603,960.3167315175098,0.0,0.0,3.908171206225681,1.7750972762645914,2.1330739299610895,0.0,0.9859922178988327
261,2056.28,5.790721568627451,3.16078431372549,2.791372549019608,1.3686274509803922,0.6407843137254902,903.0407843137255,0.0,0.0,4.374117647058823,2.1819607843137256,2.1921568627450982,0.0,0.9105882352941177
262,2070.916717325228,4.805592705167173,2.159270516717325,2.6498480243161096,2.1531914893617023,0.4376899696048632,969.8200607902736,0.0,0.0,3.204255319148936,1.6036474164133738,1.6006079027355624,0.0,0.9465045592705167
263,2121.3851744186045,1.099171511627907,2.738372093023256,2.2834302325581395,1.7449127906976745,0.4694767441860465,988.7085755813954,0.0,0.0,3.441860465116279,1.5944767441860466,1.8473837209302326,0.0,0.9869186046511628
264,2064.1297297297297,4.628656370656371,3.6123552123552125,2.2424710424710423,1.4841698841698843,0.6262548262548262,989.1451737451738,0.0,0.0,2.718146718146718,1.2301158301158301,1.4880308880308881,0.0,0.9042471042471042
265,2062.493002544529,3.272760814249364,2.6106870229007635,2.419211195928753,2.0986005089058524,0.4312977099236641,997.0222646310433,0.0,0.0,2.7169211195928753,1.4001272264631044,1.316793893129771,0.0,0.9567430025445293
266,2093.7459207459206,0.08506604506604508,2.7195027195027195,2.6216006216006216,1.5912975912975913,0.5034965034965035,1008.8243978243978,0.0,0.0,3.1996891996891996,1.5221445221445222,1.6775446775446776,0.0,0.9883449883449883
267,2063.991797166294,3.0263907531692764,3.5026099925428786,2.7859806114839674,1.4660700969425802,0.5883668903803132,1007.310216256525,0.0,0.0,2.539895600298285,1.2102908277404922,1.3296047725577926,0.0,0.9269202087994034
268,2053.286557377049,4.780019672131147,2.540327868852459,2.960655737704918,1.6911475409836065,0.4937704918032787,977.2826229508197,0.0,0.0,2.6472131147540985,1.380327868852459,1.2668852459016393,0.0,0.9495081967213115
269,2099.8544914625095,1.641291759465479,2.9628804751299183,2.190051967334818,1.6852264291017074,0.46919079435783223,986.4736451373423,0.0,0.0,3.0452858203414994,1.5092798812175203,1.5360059391239793,0.0,0.9762435040831478
270,2079.237623762376,3.445217060167555,3.0883472962680885,2.479055597867479,1.5156130997715156,0.6146230007616146,971.3922315308454,0.0,0.0,3.137852246763138,1.3907083015993906,1.7471439451637472,0.0,0.9177456207159177
271,2055.9336429993364,4.3139150630391505,2.447246184472462,2.7418712674187127,1.8480424684804246,0.46914399469143997,952.8672859986729,0.0,0.0,2.382879893828799,1.1831453218314532,1.1997345719973458,0.0,0.9508958195089582
272,2103.2305454545453,0.05122181818181819,2.6312727272727274,2.376,1.7185454545454546,0.46763636363636363,957.904,0.0,0.0,4.053090909090909,1.8712727272727272,2.1818181818181817,0.0,0.986909090909091
273,2074.3861967694565,5.698847283406755,3.326725403817915,2.537444933920705,1.5433186490455213,0.6116005873715125,966.525697503671,0.0,0.0,3.311306901615272,1.4632892804698971,1.8480176211453745,0.0,0.9016152716593245
274,2047.55125,5.191262500000001,2.600625,2.41375,1.9275,0.47,931.105625,0.0,0.0,1.665,0.845625,0.819375,0.0,0.945625
275,2094.24229390681,1.4890824372759857,2.8530465949820787,2.063799283154122,1.7118279569892474,0.44946236559139785,1009.1827956989247,0.0,0.0,2.9204301075268817,1.3992831541218638,1.521146953405018,0.0,0.9770609318996416
276,2108.7346474601973,4.216451857467779,3.2388172858225928,2.631539044730857,1.3586050037907507,0.6444275966641395,945.4639878695982,0.0,0.0,3.047005307050796,1.3889310083396513,1.6580742987111448,0.0,0.9211523881728583
277,2079.651252408478,2.8541875401412975,2.514450867052023,2.894669235709698,1.8375080282594733,0.4797687861271676,966.2588310854206,0.0,0.0,2.1001926782273603,1.0642260757867694,1.035966602440591,0.0,0.9569685292228645
278,2105.5988967691096,1.581331757289204,3.1788810086682426,2.422379826635146,1.5445232466509062,0.52876280535855,945.5673758865248,0.0,0.0,2.49645390070922,1.2332545311268714,1.2631993695823482,0.0,0.9747832939322301
279,2073.4603636363636,5.6247490909090905,3.4094545454545453,2.442181818181818,1.48,0.584,954.528,0.0,0.0,3.5512727272727274,1.725818181818182,1.8254545454545454,0.0,0.9003636363636364
280,2077.733944954128,4.070072083879423,2.342726081258191,2.55045871559633,2.0602883355176935,0.48689384010484926,966.1847968545217,0.0,0.0,2.7857142857142856,1.4023591087811271,1.3833551769331587,0.0,0.9521625163826999
281,2097.5004022526145,1.449951729686243,2.8592115848753017,2.3990345937248594,1.4923572003218022,0.5060337892196299,990.7272727272727,0.0,0.0,3.2944489139179405,1.6106194690265487,1.6838294448913917,0.0,0.9806918744971842
282,2103.197475872309,3.542657757980698,2.9324424647364515,2.826280623608018,1.6525612472160356,0.5909428359317,990.1937639198218,0.0,0.0,3.0734966592427617,1.4803266518188567,1.593170007423905,0.0,0.9153674832962138
283,2079.810960591133,3.8057450738916256,2.3269704433497536,2.8183497536945814,1.9870689655172413,0.4328817733990148,993.5788177339901,0.0,0.0,2.4858374384236455,1.2678571428571428,1.2179802955665024,0.0,0.9624384236453202
284,2077.4682170542637,2.124271317829457,3.264341085271318,2.147286821705426,1.6457364341085272,0.5279069767441861,1027.262015503876,0.0,0.0,1.9883720930232558,0.9217054263565891,1.0666666666666667,0.0,0.9713178294573643
285,2064.9921752738655,4.650743348982785,3.603286384976526,2.458528951486698,1.528169014084507,0.6377151799687011,1014.9945226917058,0.0,0.0,2.5336463223787167,1.2112676056338028,1.322378716744914,0.0,0.9107981220657277
286,2070.685282522996,4.452877792378449,2.157687253613666,2.893561103810775,1.8613666228646517,0.4783180026281209,985.2956636005256,0.0,0.0,2.11892247043364,1.0867279894875164,1.0321944809461234,0.0,0.9480946123521682
287,2073.328624535316,0.8356951672862454,2.891449814126394,2.554646840148699,1.637918215613383,0.48401486988847586,992.3241635687732,0.0,0.0,1.4118959107806692,0.6646840148698885,0.7472118959107806,0.0,0.9828996282527881
288,2066.1791907514453,3.419523121387283,3.4934971098265897,2.782514450867052,1.31864161849711,0.5867052023121387,975.5932080924855,0.0,0.0,2.7745664739884393,1.2803468208092486,1.4942196531791907,0.0,0.921242774566474
289,2043.5090579710145,5.099408212560387,2.476449275362319,2.6449275362318843,1.9456521739130435,0.42995169082125606,975.9420289855072,0.0,0.0,1.298913043478261,0.7077294685990339,0.591183574879227,0.0,0.9468599033816425
290,2096.231124807396,1.7260554699537751,2.731895223420647,2.2673343605546994,1.7419106317411401,0.4946070878274268,964.5308166409861,0.0,0.0,2.0701078582434516,0.9314329738058552,1.1386748844375962,0.0,0.9784283513097073
291,2060.5325355273,4.651877337322364,3.163051608077786,2.8197456993268513,1.3866866118175019,0.6028421839940165,928.2759910246821,0.0,0.0,2.3522812266267765,1.1772625280478684,1.175018698578908,0.0,0.9199700822737472
292,2066.4306480920654,5.107013930950939,2.2543912780133253,2.7122955784373106,2.1568746214415504,0.46517262265293763,945.4397334948516,0.0,0.0,2.4791035735917624,1.2350090854027862,1.2440944881889764,0.0,0.9273167777104785
293,2075.374633431085,1.7892228739002933,2.7888563049853374,2.4024926686217007,1.784457478005865,0.47653958944281527,985.6532258064516,0.0,0.0,2.6620234604105573,1.3049853372434017,1.3570381231671553,0.0,0.9743401759530792
294,2055.518146718147,5.875490347490348,3.7227799227799228,2.311196911196911,1.4826254826254825,0.6378378378378379,984.8177606177607,0.0,0.0,2.386872586872587,1.1544401544401544,1.2324324324324325,0.0,0.8926640926640926
295,2054.826114249843,5.324532328939108,2.6585059635907093,2.4243565599497803,2.106716886377903,0.46955430006277465,998.7432517263026,0.0,0.0,2.312617702448211,1.1531701192718142,1.1594475831763968,0.0,0.9403640929064658
296,2085.3562874251497,0.7752919161676647,2.6758982035928143,2.587574850299401,1.6077844311377245,0.4708083832335329,986.936377245509,0.0,0.0,2.5119760479041915,1.1751497005988023,1.3368263473053892,0.0,0.9865269461077845
297,2073.910447761194,3.945350746268657,3.515671641791045,2.7388059701492535,1.4753731343283583,0.6171641791044776,981.5350746268657,0.0,0.0,2.8992537313432836,1.4134328358208956,1.4858208955223882,0.0,0.9134328358208955
298,2053.875481386393,5.8586585365853665,2.6739409499358153,2.938382541720154,1.6951219512195121,0.5,951.0603337612323,0.0,0.0,2.2817715019255456,1.1501925545571245,1.131578947368421,0.0,0.9242618741976893
299,2088.572801182557,1.2181226903178122,3.0044345898004434,2.3407243163340725,1.753880266075388,0.4892830746489283,970.9682187730969,0.0,0.0,2.761271249076127,1.3237250554323725,1.4375461936437546,0.0,0.9793052475979305
300,2079.0911877394637,4.07511877394636,3.1402298850574715,2.5494252873563217,1.5762452107279694,0.6153256704980843,1007.184674329502,0.0,0.0,2.5478927203065136,1.2314176245210728,1.3164750957854405,0.0,0.918007662835249
301,2056.937457511897,4.895594833446635,2.5873555404486743,2.9163834126444597,1.8789938817131204,0.504418762746431,970.6947654656697,0.0,0.0,1.8830727396329028,0.9673691366417403,0.9157036029911625,0.0,0.9394969408565602
302,2069.8543140028287,3.408882602545969,2.65983026874116,2.3776520509193775,1.9193776520509194,0.471004243281471,961.4554455445544,0.0,0.0,2.3422913719943423,1.1647807637906649,1.1775106082036775,0.0,0.9752475247524752
303,2072.706231454006,5.709436201780415,3.387240356083086,2.4851632047477743,1.5408011869436202,0.6172106824925816,979.3864985163204,0.0,0.0,2.3612759643916914,1.1149851632047478,1.2462908011869436,0.0,0.9013353115727003
304,2042.1498756218905,6.512518656716417,2.722636815920398,2.4272388059701493,1.9577114427860696,0.5055970149253731,959.0914179104477,0.0,0.0,1.2904228855721394,0.652363184079602,0.6380597014925373,0.0,0.9259950248756219
305,2107.0325548478413,1.715258315640481,2.8987968860580327,2.1040339702760087,1.9044585987261147,0.4713375796178344,934.9823071479123,0.0,0.0,2.0502476999292285,1.0141542816702052,1.0360934182590233,0.0,0.9787685774946921
306,2093.5773524720894,5.933484848484849,3.3421052631578947,2.7137161084529504,1.423444976076555,0.6451355661881978,920.6802232854865,0.0,0.0,2.7822966507177034,1.2687400318979267,1.5135566188197767,0.0,0.9082934609250398
307,2053.646153846154,4.810185897435898,2.682051282051282,3.0044871794871795,1.880128205128205,0.5057692307692307,961.8102564102564,0.0,0.0,1.455128205128205,0.7660256410256411,0.6891025641025641,0.0,0.926923076923077
308,2104.0343283582088,1.7251044776119406,3.0223880597014925,2.511940298507463,1.476865671641791,0.4955223880597015,941.6253731343284,0.0,0.0,3.011940298507463,1.4201492537313434,1.5917910447761194,0.0,0.9776119402985075
309,2082.7916063675834,5.8369753979739505,3.4421128798842258,2.4565846599131693,1.5405209840810419,0.5933429811866859,958.1628075253257,0.0,0.0,2.4160636758321274,1.1722141823444283,1.243849493487699,0.0,0.8965267727930536
310,2072.0951122853367,3.8300594451783354,2.3289299867899604,2.6050198150594452,2.0891677675033025,0.5092470277410832,942.89035667107,0.0,0.0,1.9214002642007926,0.9636723910171731,0.9577278731836195,0.0,0.9498018494055482
311,2095.998405103668,1.3469457735247208,2.825358851674641,2.5207336523126,1.6323763955342903,0.5239234449760766,969.3221690590111,0.0,0.0,1.842902711323764,0.8827751196172249,0.960127591706539,0.0,0.9808612440191388
312,2097.2066666666665,4.851170370370371,2.9525925925925924,2.780740740740741,1.6355555555555557,0.5985185185185186,951.4348148148148,0.0,0.0,3.240740740740741,1.5074074074074073,1.7333333333333334,0.0,0.9066666666666666
313,2083.746107784431,5.77940119760479,2.4107784431137724,2.7850299401197605,1.9634730538922156,0.4550898203592814,944.0910179640719,0.0,0.0,1.8245508982035927,0.9269461077844311,0.8976047904191616,0.0,0.937125748502994
314,2108.2704980842914,2.5869655172413792,3.2544061302681992,2.2191570881226053,1.6735632183908047,0.49731800766283524,930.5494252873564,0.0,0.0,2.4298850574712643,1.1961685823754789,1.2337164750957854,0.0,0.9716475095785441
315,2095.576809453471,6.298087149187593,3.514771048744461,2.4231905465288035,1.4889217134416544,0.5989660265878878,941.8419497784342,0.0,0.0,3.6307237813884785,1.7511078286558346,1.879615952732644,0.0,0.8929098966026587
316,2066.021456436931,4.84594278283485,2.323146944083225,2.8927178153446036,1.8855656697009102,0.49154746423927176,933.7854356306892,0.0,0.0,2.336150845253576,1.1866059817945385,1.1495448634590377,0.0,0.94148244473342
317,2095.243550834598,1.7406221547799696,2.9916540212443095,2.5614567526555385,1.578907435508346,0.503793626707132,917.7078907435508,0.0,0.0,2.293626707132018,1.0758725341426403,1.217754172989378,0.0,0.9764795144157815
318,2081.991150442478,4.728731563421829,3.4306784660766962,2.7389380530973453,1.3650442477876106,0.6017699115044248,923.7013274336283,0.0,0.0,2.949852507374631,1.426991150442478,1.5228613569321534,0.0,0.9019174041297935
319,2045.8144712430426,5.406802721088435,2.6159554730983303,2.7111935683364257,1.9857761286332716,0.48237476808905383,921.1706864564007,0.0,0.0,1.1379097093382808,0.5732838589981447,0.564625850340136,0.0,0.9375386518243661
320,2093.2278106508875,0.36766272189349114,2.602810650887574,2.2662721893491122,1.7714497041420119,0.48668639053254437,950.3557692307693,0.0,0.0,1.606508875739645,0.7507396449704142,0.8557692307692307,0.0,0.9829881656804734
321,2078.7077872012337,5.630285273708559,3.225134926754048,2.824980724749422,1.3754818812644565,0.6152659984579799,924.8427139552814,0.0,0.0,1.377023901310717,0.6530454895913647,0.7239784117193524,0.0,0.9105628373168851
322,2076.830570902394,5.1126028238182935,2.276856967464702,2.7476979742173113,2.1860036832412524,0.4868017188459177,927.5647636586863,0.0,0.0,1.8182934315531,0.9226519337016574,0.8956414978514426,0.0,0.9281767955801105
323,2119.281207133059,0.5486351165980795,2.593278463648834,2.302469135802469,1.816872427983539,0.4396433470507545,944.5733882030179,0.0,0.0,1.559670781893004,0.7942386831275721,0.7654320987654321,0.0,0.9821673525377229
324,2057.276629570747,6.298537360890302,3.7289348171701113,2.4721780604133547,1.5302066772655007,0.6406995230524642,952.6184419713832,0.0,0.0,1.759141494435612,0.8537360890302067,0.9054054054054054,0.0,0.8895071542130366
325,2071.5290363752392,4.616445437141034,2.675175494575622,2.421186981493299,2.133375877472878,0.4447989789406509,918.9572431397575,0.0,0.0,1.9202297383535418,0.9266113592852585,0.9936183790682833,0.0,0.9463943841735801
326,2121.3294930875577,0.29221966205837174,2.7004608294930876,2.56605222734255,1.6628264208909371,0.4969278033794163,935.9623655913979,0.0,0.0,1.9539170506912442,0.978494623655914,0.9754224270353302,0.0,0.9877112135176651
327,2084.3363844393593,3.8546224256292905,3.519450800915332,2.851258581235698,1.4668192219679634,0.6414950419527079,946.5697940503433,0.0,0.0,1.5072463768115942,0.7276887871853547,0.7795575896262396,0.0,0.919908466819222
328,2065.560927152318,6.40894701986755,2.662251655629139,3.017218543046358,1.7304635761589404,0.49735099337748345,903.9443708609272,0.0,0.0,1.6298013245033112,0.8033112582781456,0.8264900662251655,0.0,0.9271523178807947
329,2099.0,2.4904263275991023,2.988780852655198,2.299177262528048,1.8025430067314885,0.5011219147344802,932.6910994764398,0.0,0.0,1.6462228870605835,0.8100224382946896,0.8362004487658938,0.0,0.9730740463724757
330,2072.577442414615,4.547720413026211,3.085782366957903,2.5702938840349483,1.630659253375695,0.6417791898332009,932.287529785544,0.0,0.0,1.698173153296267,0.7458300238284352,0.9523431294678316,0.0,0.9158061953931692
331,2066.8033022254126,3.333007896625987,2.648241206030151,3.030150753768844,1.9569274946159367,0.529791816223977,949.9124192390524,0.0,0.0,1.4213926776740846,0.7264895908111989,0.6949030868628858,0.0,0.9547738693467337
332,2108.3745480838757,1.6668402024584235,2.6890817064352857,2.346348517715112,1.8177874186550975,0.48734634851771513,965.9204627621114,0.0,0.0,2.0303687635574836,0.9833694866232827,1.046999276934201,0.0,0.9783080260303688
333,2074.4933645589385,5.770975800156128,3.5355191256830603,2.601873536299766,1.5487900078064012,0.6338797814207651,959.5238095238095,0.0,0.0,2.0647931303669007,0.9430132708821234,1.1217798594847774,0.0,0.8938329430132709
334,2052.519170333124,4.909327467001885,2.6939032055311123,2.431803896920176,1.9478315524827152,0.4864864864864865,951.5549968573224,0.0,0.0,0.907605279698303,0.45065996228786925,0.4569453174104337,0.0,0.9421747328724073
335,2103.5137039937354,1.7861942051683632,3.015661707126077,2.066562255285826,1.8151918559122944,0.5066562255285826,922.945967110415,0.0,0.0,2.1323414252153485,1.0696945967110416,1.062646828504307,0.0,0.9765074393108849
336,2103.405877680699,6.328872120730739,3.2581413820492453,2.6600476568705322,1.3677521842732328,0.6393963463065926,924.6036536934075,0.0,0.0,1.9237490071485306,0.9301032565528197,0.9936457505957109,0.0,0.9070691024622717
337,2055.918204182042,4.512226322263222,2.5498154981549814,2.836408364083641,1.7890528905289054,0.48462484624846247,935.6205412054121,0.0,0.0,1.2373923739237391,0.6199261992619927,0.6174661746617466,0.0,0.933579335793358
338,2091.4537379718727,3.353123612139156,2.9763138415988157,2.395262768319763,1.529237601776462,0.4863064396743153,893.958549222798,0.0,0.0,2.2553663952627683,1.1021465581051073,1.153219837157661,0.0,0.9696521095484826
339,2066.5590379008745,5.300131195335277,3.4744897959183674,2.4591836734693877,1.478134110787172,0.6034985422740525,943.8185131195336,0.0,0.0,1.5094752186588922,0.6916909620991254,0.8177842565597667,0.0,0.8979591836734694
340,2072.706842435656,5.303151286880101,2.332705586942875,2.4720652856246077,2.003138731952291,0.4971751412429379,945.4908976773384,0.0,0.0,1.716886377903327,0.8455743879472694,0.8713119899560577,0.0,0.9372253609541745
341,2102.676588897828,1.1369991954947707,2.833467417538214,2.5382139983909897,1.5679806918744972,0.5060337892196299,965.1069991954947,0.0,0.0,2.3483507642799677,1.166532582461786,1.1818181818181819,0.0,0.9863234111021721
342,2096.4258608573437,4.940534082923401,2.8531271960646523,2.664089950808152,1.5987350667603655,0.5888966971187631,940.290934645116,0.0,0.0,2.5200281096275474,1.1644413211524947,1.3555867884750528,0.0,0.9079409697821503
343,2075.0154130702836,3.9006411837237978,2.4821208384710234,2.8545006165228113,2.030209617755857,0.4833538840937115,958.8218249075215,0.0,0.0,1.3908754623921085,0.6454993834771886,0.7453760789149199,0.0,0.9438964241676943
344,2092.260547742413,2.8633012583271653,3.1406365655070316,2.156920799407846,1.6994818652849741,0.5048112509252406,934.940044411547,0.0,0.0,1.146558105107328,0.5462620281273131,0.6002960769800149,0.0,0.9652109548482606
345,2105.412300683371,5.175018982536066,3.522399392558846,2.4244495064540623,1.5155656795747912,0.6074411541381929,927.0630220197419,0.0,0.0,2.032649962034928,0.9521640091116174,1.0804859529233106,0.0,0.9066059225512528
346,2070.408163265306,5.212593811718236,2.1823568136932194,2.9052007899934167,1.9196840026333113,0.489137590520079,936.2830809743252,0.0,0.0,1.6109282422646478,0.8196181698485846,0.7913100724160632,0.0,0.946017116524029
347,2082.342943854325,1.4261684370257968,3.0121396054628224,2.5045523520485586,1.4969650986342944,0.507587253414264,947.5326251896813,0.0,0.0,1.2716236722306524,0.6380880121396054,0.633535660091047,0.0,0.9787556904400607
348,2089.4781297134236,4.197232277526395,3.486425339366516,2.7790346907993966,1.3438914027149322,0.6055806938159879,886.4705882352941,0.0,0.0,1.7043740573152337,0.8122171945701357,0.8921568627450981,0.0,0.9012066365007542
349,2037.2157451923076,5.700210336538461,2.527644230769231,2.6712740384615383,1.9278846153846154,0.48978365384615385,925.5432692307693,0.0,0.0,0.7524038461538461,0.3683894230769231,0.3840144230769231,0.0,0.9399038461538461
350,2093.790076335878,0.6937404580152672,2.7213740458015265,2.2030534351145037,1.6450381679389312,0.48091603053435117,940.724427480916,0.0,0.0,1.4564885496183206,0.7152671755725191,0.7412213740458016,0.0,0.982442748091603
351,2064.216300940439,5.069937304075235,3.1418495297805644,2.920846394984326,1.3691222570532915,0.6065830721003135,931.6167711598746,0.0,0.0,1.5274294670846396,0.774294670846395,0.7531347962382445,0.0,0.9161442006269592
352,2068.7598068799034,5.871074230537116,2.180446590223295,2.663850331925166,2.1508750754375376,0.4749547374773687,919.891369945685,0.0,0.0,1.5908267954133977,0.8340374170187085,0.7567893783946892,0.0,0.9324079662039831
353,2103.915726109857,1.643333333333333,2.8389766741911213,2.4078254326561326,1.744168547780286,0.48833709556057187,951.1136192626035,0.0,0.0,1.4130925507900678,0.7065462753950339,0.7065462753950339,0.0,0.9789315274642588
354,2060.8807126258716,4.394221533694811,3.6127033307513554,2.3570875290472504,1.4941905499612704,0.6150271107668474,949.70100697134,0.0,0.0,1.3230054221533696,0.6498838109992254,0.673121611154144,0.0,0.9047250193648335
355,2062.5371900826444,4.836751430387794,2.6636999364272094,2.4087730451366816,2.125874125874126,0.45835982199618563,939.9027336300063,0.0,0.0,1.3000635727908456,0.6115702479338843,0.6884933248569612,0.0,0.9465988556897648
356,2103.1814671814673,0.4174208494208494,2.6965250965250966,2.5737451737451735,1.5922779922779924,0.5065637065637065,937.0532818532819,0.0,0.0,1.481081081081081,0.7073359073359073,0.7737451737451737,0.0,0.9868725868725868
357,2072.7799696509865,3.897981790591806,3.501517450682853,2.7716236722306524,1.4575113808801214,0.6100151745068285,912.5629742033384,0.0,0.0,1.7018209408194234,0.8201820940819423,0.881638846737481,0.0,0.9119878603945372
358,2074.7474160206716,5.115200258397933,2.6711886304909562,2.9218346253229974,1.6950904392764858,0.5058139534883721,911.1795865633075,0.0,0.0,1.571705426356589,0.7900516795865633,0.7816537467700259,0.0,0.9334625322997416
359,2101.6964415395787,1.0348366013071895,2.925925925925926,2.2389251997095134,1.6971677559912854,0.4698620188816267,947.7363834422658,0.0,0.0,1.1009440813362381,0.5090777051561365,0.5918663761801016,0.0,0.9782135076252724
360,2087.371855345912,5.258891509433963,3.0644654088050314,2.5573899371069184,1.5495283018867925,0.6533018867924528,912.8616352201258,0.0,0.0,1.8364779874213837,0.8954402515723271,0.9410377358490566,0.0,0.9064465408805031
361,2067.8336812804455,2.927216423103688,2.43910925539318,2.871955462769659,1.906750173973556,0.48086290883785665,909.9756437021573,0.0,0.0,1.1969380654140571,0.5977731384829506,0.5991649269311065,0.0,0.9610299234516354
362,2104.6535022354697,0.6968032786885247,2.7190760059612518,2.444858420268256,1.8293591654247392,0.49254843517138597,929.8666169895678,0.0,0.0,1.5842026825633384,0.7414307004470939,0.8427719821162444,0.0,0.9828614008941878
363,2079.2870159453305,4.683067577828398,3.422171602126044,2.583143507972665,1.5474563401670463,0.6150341685649203,915.580106302202,0.0,0.0,1.3682611996962795,0.6955201214882308,0.6727410782080486,0.0,0.9126803340926348
364,2047.43944197844,4.736727964489537,2.6525047558655674,2.407736207989854,1.9099556119213696,0.4641724793912492,919.009511731135,0.0,0.0,1.0545339251743817,0.5459733671528219,0.50856055802156,0.0,0.948002536461636
365,2082.3692539562926,0.5900904295403164,2.944235116804823,2.143933685003768,1.7754333082140166,0.493594574227581,934.5290128108516,0.0,0.0,1.4544084400904296,0.7543330821401658,0.7000753579502638,0.0,0.984174830444612
366,2096.8044649730564,4.186843725943033,3.090839107005389,2.6304849884526558,1.4449576597382603,0.6320246343341032,918.6828329484218,0.0,0.0,1.5835257890685142,0.7675134719014627,0.8160123171670516,0.0,0.9168591224018475
367,2043.8618957940992,4.876158192090395,2.6315128688010043,2.888888888888889,1.8342749529190208,0.48462021343377276,921.2975517890773,0.0,0.0,0.7978656622724419,0.41494036409290647,0.38292529817953547,0.0,0.9252981795354677
368,2083.9311127933383,2.3501589704769112,3.1188493565480697,2.445117335352006,1.5056775170325511,0.49659348978046935,902.2165026495079,0.0,0.0,1.4224072672218018,0.6866010598031794,0.7358062074186222,0.0,0.975775927327782
369,2064.7104477611942,4.993335820895522,3.3835820895522386,2.478358208955224,1.4865671641791045,0.6022388059701492,909.4223880597015,0.0,0.0,1.1858208955223881,0.5238805970149254,0.6619402985074627,0.0,0.905223880597015
370,2061.1676528599605,3.848231426692965,2.3353057199211045,2.589086127547666,2.0677186061801445,0.4707429322813938,908.7179487179487,0.0,0.0,1.0453648915187377,0.5581854043392505,0.48717948717948717,0.0,0.9487179487179487
371,2100.3917940466613,0.9543925985518905,2.817377312952534,2.433628318584071,1.5301689460981496,0.5076427996781979,884.9533386967015,0.0,0.0,1.5213193885760257,0.6894609814963797,0.831858407079646,0.0,0.9814963797264682
372,2095.8697208303506,5.364008589835362,2.9026485325697924,2.773801002147459,1.6263421617752327,0.5740873299928418,908.6342161775233,0.0,0.0,1.7351467430207588,0.8217609162491052,0.9133858267716536,0.0,0.9090909090909091
373,2073.8731155778896,3.552531407035176,2.4566582914572863,2.8881909547738696,2.0025125628140703,0.4478643216080402,914.0891959798995,0.0,0.0,1.2518844221105527,0.6507537688442211,0.6011306532663316,0.0,0.960427135678392
374,2104.6028594122317,2.4165448768864177,3.3677521842732325,2.1310563939634632,1.7092930897537728,0.5107227958697379,909.5972994440032,0.0,0.0,2.0317712470214455,0.971405877680699,1.0603653693407467,0.0,0.9753772835583797
375,2081.1079192546586,4.263726708074534,3.5411490683229814,2.5139751552795033,1.4953416149068324,0.6350931677018633,925.5745341614906,0.0,0.0,2.0357142857142856,0.96972049689441,1.0659937888198758,0.0,0.9091614906832298
376,2102.5381077529564,2.8849145860709595,2.1609724047306176,2.878449408672799,1.8679369250985545,0.48226018396846254,897.7582128777924,0.0,0.0,1.7444152431011826,0.9165571616294349,0.8278580814717477,0.0,0.9533508541392904
377,2079.6284853052,1.781544837980407,2.9547852298417485,2.535041446872645,1.543330821401658,0.4981160512434062,908.1356443104747,0.0,0.0,1.3278070836473248,0.6488319517709118,0.678975131876413,0.0,0.9773926149208741
378,2067.9709035222054,4.941753445635529,3.4808575803981623,2.8346094946401226,1.2166921898928025,0.607197549770291,892.2151607963247,0.0,0.0,2.11791730474732,1.007656967840735,1.110260336906585,0.0,0.900459418070444
379,2047.2389937106918,4.45637106918239,2.5855345911949685,2.750943396226415,1.950943396226415,0.44842767295597485,889.7534591194968,0.0,0.0,0.7150943396226415,0.36666666666666664,0.3484276729559748,0.0,0.950314465408805
380,2076.690265486726,1.3902172164119067,2.8037007240547065,2.239742558326629,1.7007240547063556,0.5261464199517297,906.8938053097345,0.0,0.0,1.2880128720836685,0.6548672566371682,0.6331456154465004,0.0,0.9806918744971842
381,2046.4009508716324,5.472876386687798,3.08716323296355,2.899366085578447,1.3763866877971473,0.615689381933439,876.9548335974644,0.0,0.0,1.369255150554675,0.6679873217115689,0.7012678288431062,0.0,0.9080824088748018
382,2061.480840543881,5.36380716934487,2.223733003708282,2.7317676143386898,2.207663782447466,0.4721878862793572,891.1013597033375,0.0,0.0,1.4023485784919654,0.6928306551297899,0.7095179233621756,0.0,0.9406674907292955
383,2077.225185185185,1.914874074074074,2.8377777777777777,2.4340740740740743,1.7481481481481482,0.4874074074074074,934.5348148148148,0.0,0.0,1.8214814814814815,0.8688888888888889,0.9525925925925925,0.0,0.9755555555555555
384,2064.3943440691282,6.058428908091123,3.641005498821681,2.3692065985860173,1.4878240377062057,0.6190102120974077,903.9402985074627,0.0,0.0,1.2867242733699922,0.6095836606441477,0.6771406127258445,0.0,0.8939512961508248
385,2048.1988950276245,4.747863720073665,2.5193370165745854,2.349294045426642,2.0552486187845305,0.4462860650705955,893.2209944751381,0.0,0.0,1.0257826887661141,0.536525475751995,0.4892572130141191,0.0,0.9484346224677717
386,2088.0230946882216,1.2836412625096227,2.748267898383372,2.5773672055427252,1.5935334872979214,0.49653579676674364,928.4688221709007,0.0,0.0,1.6027713625866051,0.7936874518860662,0.8090839107005389,0.0,0.9815242494226328
387,2055.86875,3.848,3.48984375,2.8234375,1.48046875,0.6203125,903.7578125,0.0,0.0,1.05625,0.51953125,0.53671875,0.0,0.9171875
388,2050.419035029742,5.303337739590218,2.7091870456047586,3.042300066093853,1.7131526768010574,0.49239920687376076,890.7845340383344,0.0,0.0,1.4077990746860543,0.7376074025115664,0.6701916721744877,0.0,0.9424983476536682
389,2073.078928312817,2.6927299058653147,2.871832005792904,2.218682114409848,1.7342505430847213,0.4822592324402607,923.2418537291818,0.0,0.0,1.3034033309196236,0.6393917451122375,0.664011585807386,0.0,0.9703113685734974
390,2060.03156274057,2.8708698999230173,3.0577367205542725,2.558891454965358,1.5712086220169361,0.6358737490377213,894.401077752117,0.0,0.0,1.665896843725943,0.7882986913010007,0.8775981524249422,0.0,0.9183987682832948
391,2040.2702518720218,4.27572498298162,2.5132743362831858,2.8543226684819607,1.8931245745405036,0.4792375765827093,908.0367597004765,0.0,0.0,0.7998638529611981,0.43498978897208984,0.3648740639891082,0.0,0.9530292716133424
392,2065.8662232076867,1.0243532889874354,2.7235772357723578,2.4116777531411677,1.7997043606799705,0.47671840354767187,921.8359201773836,0.0,0.0,1.2069475240206948,0.5787139689578714,0.6282335550628233,0.0,0.9807834441980784
393,2056.6353297952996,5.04737680060652,3.345716451857468,2.6254738438210765,1.5223654283548143,0.6057619408642911,925.5208491281273,0.0,0.0,1.4730856709628506,0.7035633055344959,0.7695223654283548,0.0,0.9112964366944655
394,2030.3231821006837,5.576152889993786,2.704785581106277,2.3952765692977005,1.9589807333747669,0.4990677439403356,925.2330640149161,0.0,0.0,0.8539465506525793,0.42200124300807956,0.4319453076444997,0.0,0.9378495960223742
395,2068.4729927007297,0.37194160583941605,2.8788321167883213,2.0613138686131385,1.845985401459854,0.47883211678832116,911.9474452554745,0.0,0.0,1.0335766423357664,0.48905109489051096,0.5445255474452555,0.0,0.9854014598540146
396,2069.5584,3.5632879999999996,3.1968,2.7376,1.4856,0.6488,921.9208,0.0,0.0,1.9888,0.984,1.0048,0.0,0.9232
397,2037.9560155239328,4.5722574385511,2.6416558861578268,2.965071151358344,1.8932729624838291,0.4987063389391979,911.1630012936611,0.0,0.0,0.7897800776196636,0.41073738680465716,0.37904269081500647,0.0,0.9353169469598965
398,2056.57268370607,3.151972843450479,3.230031948881789,2.4896166134185305,1.4792332268370607,0.5007987220447284,891.0575079872204,0.0,0.0,1.2108626198083068,0.549520766773163,0.6613418530351438,0.0,0.9688498402555911
399,2047.113768115942,4.041528985507246,3.353623188405797,2.502173913043478,1.5072463768115942,0.6021739130434782,926.5326086956521,0.0,0.0,1.0891304347826087,0.5217391304347826,0.5673913043478261,0.0,0.9115942028985508
400,2042.914769030579,4.891262199089135,2.385165907612232,2.5549772283669485,2.107351984385166,0.5120364346128823,923.5966167859466,0.0,0.0,1.0435914118412493,0.5322055953155498,0.5113858165256994,0.0,0.9420949902407287
401,2070.017128874388,1.0078303425774877,2.872756933115824,2.6125611745513866,1.5505709624796085,0.5383360522022839,940.1460032626427,0.0,0.0,1.6745513866231647,0.7814029363784666,0.8931484502446982,0.0,0.9820554649265906
402,2073.4888059701493,2.980470149253731,2.9007462686567163,2.7902985074626865,1.662686567164179,0.6216417910447761,926.5679104477612,0.0,0.0,1.8261194029850747,0.8380597014925373,0.9880597014925373,0.0,0.9171641791044776
403,2043.9761467889907,4.964899082568807,2.5064220183486237,2.837308868501529,1.9828746177370031,0.4654434250764526,931.651987767584,0.0,0.0,1.379816513761468,0.7235474006116208,0.6562691131498471,0.0,0.9412844036697248
404,2054.520355292376,2.5278090303478904,3.159881569207994,2.079940784603997,1.615840118430792,0.4863064396743153,921.9111769059956,0.0,0.0,0.9282013323464101,0.461880088823094,0.46632124352331605,0.0,0.9674315321983715
405,2046.1576470588236,4.453388235294117,3.363137254901961,2.456470588235294,1.4603921568627451,0.6329411764705882,922.8792156862745,0.0,0.0,1.8501960784313725,0.876078431372549,0.9741176470588235,0.0,0.9043137254901961
406,2045.5545335085415,4.080703022339027,2.14323258869908,2.8968462549277265,1.9178712220762155,0.514454664914586,922.5348226018397,0.0,0.0,0.8699080157687253,0.45466491458607095,0.4152431011826544,0.0,0.9513797634691196
407,2062.606037735849,1.1744301886792452,2.9275471698113207,2.470188679245283,1.5079245283018867,0.499622641509434,914.793962264151,0.0,0.0,1.0830188679245283,0.5328301886792453,0.550188679245283,0.0,0.9788679245283018
408,2046.1379050489827,4.386458176337603,3.418990203466466,2.7882441597588548,1.282592313489073,0.627731725697061,887.4453654860588,0.0,0.0,1.5666917859834213,0.7678975131876413,0.79879427279578,0.0,0.8990203466465713
409,2048.460952380952,3.599555555555556,2.5625396825396827,2.779047619047619,1.9479365079365079,0.4634920634920635,930.2012698412699,0.0,0.0,0.8977777777777778,0.4342857142857143,0.4634920634920635,0.0,0.953015873015873
410,2082.51679389313,0.25261068702290074,2.664885496183206,2.2061068702290076,1.7358778625954199,0.4900763358778626,931.9534351145038,0.0,0.0,1.3114503816793892,0.6061068702290077,0.7053435114503817,0.0,0.9870229007633587
411,2055.5115170770455,5.283661636219222,3.158061953931692,2.9515488482922954,1.3661636219221605,0.6457505957108817,908.3550436854647,0.0,0.0,1.5782366957903098,0.7124702144559174,0.8657664813343924,0.0,0.9150119142176331
412,2058.704234122042,4.074526774595268,2.2266500622665006,2.7714819427148196,2.1930261519302614,0.4788293897882939,924.2901618929017,0.0,0.0,1.5672478206724783,0.7820672478206725,0.7851805728518058,0.0,0.9389788293897883
413,2077.766542750929,1.687472118959108,2.785130111524164,2.39182156133829,1.6981412639405205,0.4944237918215613,984.9167286245353,0.0,0.0,1.5420074349442379,0.7315985130111524,0.8104089219330854,0.0,0.9799256505576208
414,2056.947859922179,4.863875486381323,3.6295719844357976,2.3906614785992217,1.5167315175097276,0.6287937743190661,950.8871595330739,0.0,0.0,1.33852140077821,0.6326848249027237,0.7058365758754864,0.0,0.9019455252918288
415,2056.8551724137933,3.202294670846395,2.5761755485893416,2.4332288401253916,2.094670846394984,0.4489028213166144,932.5504702194357,0.0,0.0,1.1974921630094044,0.6238244514106583,0.5736677115987461,0.0,0.954858934169279
416,2060.94262295082,1.2611624441132638,2.633383010432191,2.549925484351714,1.5618479880774963,0.4828614008941878,966.2831594634873,0.0,0.0,1.2168405365126678,0.5789865871833085,0.6378539493293591,0.0,0.9806259314456036
417,2056.896723646724,3.011153846153846,3.324074074074074,2.794159544159544,1.4622507122507122,0.5811965811965812,948.1153846153846,0.0,0.0,1.5292022792022792,0.7492877492877493,0.7799145299145299,0.0,0.9266381766381766
418,2047.6255678131083,5.8038157040882545,2.620376378974692,2.9876703439325114,1.6975989617131733,0.4983776768332252,897.9922128487995,0.0,0.0,1.427644386761843,0.7676833225178455,0.6599610642439974,0.0,0.9286177806619078
419,2090.4945215485754,1.0217969320672022,2.8970051132213293,2.266617969320672,1.7282688093498904,0.4996347699050402,910.1848064280497,0.0,0.0,1.504017531044558,0.6851716581446311,0.8188458728999269,0.0,0.9817384952520087
420,2069.7915027537374,3.7661132966168367,3.006294256490952,2.5806451612903225,1.5373721479150275,0.6475216365066876,899.095987411487,0.0,0.0,1.8166797797010228,0.8615263571990559,0.955153422501967,0.0,0.9150275373721479
421,2051.568150208623,3.849506258692629,2.5931849791376913,2.952712100139082,1.8831710709318499,0.49304589707927676,929.7475660639777,0.0,0.0,1.4304589707927677,0.7433936022253129,0.6870653685674548,0.0,0.9492350486787204
422,2078.16884057971,2.184521739130435,2.655072463768116,2.377536231884058,1.8659420289855073,0.4811594202898551,939.490579710145,0.0,0.0,1.4717391304347827,0.7130434782608696,0.758695652173913,0.0,0.9702898550724638
423,2065.695216049383,5.868263888888889,3.3580246913580245,2.6496913580246915,1.4899691358024691,0.6381172839506173,958.4228395061729,0.0,0.0,1.8240740740740742,0.8665123456790124,0.9575617283950617,0.0,0.9020061728395061
424,2059.5927109974423,3.562883631713555,2.684143222506394,2.4232736572890023,1.9929667519181586,0.46994884910485935,922.1106138107417,0.0,0.0,1.14769820971867,0.5607416879795396,0.5869565217391305,0.0,0.948849104859335
425,2093.5141202027517,1.1544315713251267,2.9116582186821143,2.112961622013034,1.8059377262853005,0.49022447501810285,936.89283128168,0.0,0.0,1.9239681390296886,0.8855901520637219,1.0383779869659666,0.0,0.9804489500362057
426,2080.065322580645,3.8818467741935483,3.1354838709677417,2.725,1.4306451612903226,0.6846774193548387,929.2838709677419,0.0,0.0,1.9935483870967743,1.0032258064516129,0.9903225806451613,0.0,0.9233870967741935
427,2035.98595146871,5.231436781609196,2.5383141762452106,2.9386973180076628,1.8173690932311621,0.5063856960408685,895.3984674329502,0.0,0.0,1.0849297573435503,0.5689655172413793,0.5159642401021711,0.0,0.9329501915708812
428,2080.7613200306982,2.367636224098235,3.0660015349194167,2.5441289332310055,1.5702225633154259,0.501151189562548,911.7881811204912,0.0,0.0,2.227168073676132,1.0759785111281657,1.1511895625479662,0.0,0.9731389102072141
429,2069.0332326283988,5.586593655589124,3.4297583081570995,2.4788519637462234,1.5030211480362539,0.6155589123867069,931.2583081570997,0.0,0.0,1.5581570996978853,0.7273413897280967,0.8308157099697885,0.0,0.9040785498489426
430,2067.0038684719534,3.6429722759509993,2.3101225016118634,2.5699548678272084,2.0457769181173435,0.4996776273372018,910.645390070922,0.0,0.0,1.3417150225660863,0.6943907156673114,0.647324306898775,0.0,0.9490651192778853
431,2119.505237711523,1.7417082997582596,2.8396454472199837,2.485898468976632,1.5423045930701047,0.5205479452054794,951.917808219178,0.0,0.0,2.0056406124093473,0.9161966156325544,1.0894439967767928,0.0,0.9766317485898469
432,2089.1698389458275,4.005424597364568,2.8660322108345535,2.8455344070278183,1.6237188872620791,0.5790629575402635,928.902635431918,0.0,0.0,2.3199121522693997,1.1127379209370425,1.2071742313323572,0.0,0.9136163982430454
433,2081.1396341463415,4.9448841463414634,2.4804878048780488,2.834756097560976,1.9963414634146341,0.46402439024390246,932.2615853658536,0.0,0.0,1.7329268292682927,0.8609756097560975,0.8719512195121951,0.0,0.9371951219512196
434,2099.2435424354244,1.553210332103321,3.1424354243542436,2.1793357933579336,1.7365313653136532,0.4870848708487085,927.2464944649447,0.0,0.0,1.4546125461254613,0.7276752767527676,0.7269372693726938,0.0,0.9771217712177122
435,2101.733846153846,3.9886461538461537,3.52,2.4984615384615383,1.5784615384615384,0.6338461538461538,935.9276923076923,0.0,0.0,2.1,1.0369230769230768,1.063076923076923,0.0,0.9161538461538462
436,2075.4151554404143,4.749501295336787,2.297279792746114,2.86139896373057,1.8756476683937824,0.5006476683937824,929.6904145077721,0.0,0.0,1.6560880829015545,0.8303108808290155,0.8257772020725389,0.0,0.9371761658031088
437,2091.5823927765236,1.1106922498118885,2.959367945823928,2.595936794582393,1.5440180586907448,0.49736644093303234,925.9428141459745,0.0,0.0,1.528969149736644,0.6756960120391272,0.8532731376975169,0.0,0.9796839729119639
438,2064.1512052593134,5.197260774287802,3.4477720964207452,2.777940102264427,1.3133674214755295,0.5880204528853178,911.6961285609934,0.0,0.0,2.570489408327246,1.2257121986851716,1.3447772096420745,0.0,0.8970051132213295
439,2031.0208717004298,5.940632289748312,2.553100061387354,2.7170042971147943,1.8925721301411909,0.478207489257213,916.82934315531,0.0,0.0,0.7286678944137508,0.3664825046040516,0.3621853898096992,0.0,0.937998772252916
440,2089.556792873051,1.5587008166295473,2.6206384558277653,2.2628062360801784,1.6919079435783222,0.48775055679287305,901.90571640683,0.0,0.0,1.5107646622123236,0.6859688195991092,0.8247958426132146,0.0,0.9821826280623608
441,2063.0290742157613,3.5552563121652643,3.0657995409334355,2.921193573068095,1.3802601377199695,0.6289211935730681,890.7551644988523,0.0,0.0,1.5087987758224943,0.6801836266258607,0.8286151491966335,0.0,0.918133129303749
442,2070.514724711908,5.026555697823303,2.24583866837388,2.8053777208706787,2.266325224071703,0.4788732394366197,898.2426376440461,0.0,0.0,1.7023047375160052,0.8623559539052497,0.8399487836107554,0.0,0.9372599231754162
443,2094.430333817126,2.3030914368650217,2.7474600870827284,2.425979680696662,1.74455732946299,0.4833091436865022,909.9477503628447,0.0,0.0,1.6153846153846154,0.7597968069666183,0.8555878084179971,0.0,0.9782293178519593
444,2051.7492163009406,5.0711990595611285,3.5462382445141065,2.2829153605015673,1.4608150470219436,0.6543887147335423,930.7523510971787,0.0,0.0,1.3142633228840126,0.6089341692789969,0.7053291536050157,0.0,0.896551724137931
445,2049.3499377334992,5.415136986301369,2.6463262764632627,2.451432129514321,2.0933997509339974,0.4800747198007472,897.5236612702366,0.0,0.0,1.238480697384807,0.6344956413449564,0.6039850560398505,0.0,0.9283935242839353
446,2088.7977443609025,1.2646090225563908,2.6413533834586467,2.585714285714286,1.5090225563909774,0.48345864661654137,929.536090225564,0.0,0.0,1.5105263157894737,0.6781954887218045,0.8323308270676691,0.0,0.9819548872180451
447,2057.4985250737464,4.133997050147492,3.463864306784661,2.8510324483775813,1.443952802359882,0.6047197640117994,928.5169616519174,0.0,0.0,1.2935103244837758,0.6342182890855457,0.6592920353982301,0.0,0.9137168141592921
448,2043.6869158878505,6.598771695594125,2.649532710280374,2.9913217623498,1.7202937249666221,0.4979973297730307,869.8044058744994,0.0,0.0,1.4606141522029372,0.719626168224299,0.7409879839786382,0.0,0.9305740987983978
449,2071.159356725146,1.5413230994152047,2.926900584795322,2.301169590643275,1.7258771929824561,0.47733918128654973,930.3538011695906,0.0,0.0,1.263157894736842,0.6147660818713451,0.6483918128654971,0.0,0.97953216374269
450,2063.93797856049,3.5889356814701374,3.0857580398162328,2.498468606431853,1.5252679938744258,0.6240428790199081,907.4525267993874,0.0,0.0,1.6378254211332313,0.6837672281776417,0.9540581929555896,0.0,0.9226646248085758
451,2047.80540166205,5.138552631578947,2.5159279778393353,2.910664819944598,1.884349030470914,0.5242382271468145,930.0616343490304,0.0,0.0,0.974376731301939,0.5214681440443213,0.45290858725761773,0.0,0.9445983379501385
452,2077.378151260504,1.5413515406162466,2.6169467787114846,2.3760504201680672,1.854341736694678,0.4586834733893557,940.6701680672269,0.0,0.0,1.484593837535014,0.6967787114845938,0.7878151260504201,0.0,0.9775910364145658
453,2067.9318346627992,4.909470630891951,3.379260333575054,2.504713560551124,1.5148658448150834,0.5917331399564902,947.9782451051486,0.0,0.0,1.561276287164612,0.6816533720087019,0.8796229151559101,0.0,0.9050036258158085
454,2036.5765765765766,6.820225225225225,2.7258687258687258,2.471042471042471,1.9485199485199485,0.49099099099099097,912.7889317889318,0.0,0.0,0.8822393822393823,0.4716859716859717,0.41055341055341055,0.0,0.9401544401544402
455,2093.846726190476,1.344613095238095,2.9055059523809526,2.068452380952381,1.7380952380952381,0.4955357142857143,924.1994047619048,0.0,0.0,1.7641369047619047,0.8809523809523809,0.8831845238095238,0.0,0.9791666666666666
456,2067.496153846154,4.739938461538461,3.1653846153846152,2.68,1.403076923076923,0.6476923076923077,933.2915384615385,0.0,0.0,1.9976923076923077,0.9407692307692308,1.0569230769230769,0.0,0.9115384615384615
457,2049.1824146981626,4.225242782152232,2.627952755905512,3.043307086614173,1.8221784776902887,0.5098425196850394,927.6220472440945,0.0,0.0,1.2066929133858268,0.60498687664042,0.6017060367454068,0.0,0.949475065616798
458,2080.9903345724906,1.0844684014869888,3.0022304832713753,2.562081784386617,1.528624535315985,0.49144981412639405,923.6044609665428,0.0,0.0,1.8059479553903346,0.8765799256505576,0.929368029739777,0.0,0.9836431226765799
459,2051.935483870968,4.599618768328446,3.445014662756598,2.474340175953079,1.4486803519061584,0.6143695014662757,921.1935483870968,0.0,0.0,1.0799120234604105,0.49560117302052786,0.5843108504398827,0.0,0.8995601173020528
460,2067.9046391752577,3.111307989690722,2.2603092783505154,2.528994845360825,2.05090206185567,0.4993556701030928,906.8105670103092,0.0,0.0,1.847938144329897,0.8820876288659794,0.9658505154639175,0.0,0.9503865979381443
461,2082.830298013245,1.4846192052980134,2.9072847682119205,2.5985099337748343,1.4933774834437086,0.5314569536423841,920.1034768211921,0.0,0.0,1.5008278145695364,0.7549668874172185,0.7458609271523179,0.0,0.9793046357615894
462,2075.7503639010188,4.252525473071325,2.873362445414847,2.7292576419213974,1.591703056768559,0.5800582241630277,928.122998544396,0.0,0.0,1.6084425036390102,0.7503639010189228,0.8580786026200873,0.0,0.9090247452692868
463,2064.9371951219514,4.297993902439025,2.4432926829268293,2.8042682926829268,2.0036585365853656,0.4396341463414634,948.6969512195122,0.0,0.0,1.3621951219512196,0.6585365853658537,0.7036585365853658,0.0,0.9426829268292682
464,2074.047802621434,1.531703932151118,3.221279876638396,2.202775636083269,1.6653816499614496,0.5104086353122591,937.4487278334618,0.0,0.0,1.2043176561295297,0.5697764070932922,0.6345412490362374,0.0,0.9799537393986122
465,2059.6786259541987,3.6420534351145037,3.49618320610687,2.448091603053435,1.448854961832061,0.6175572519083969,970.4236641221374,0.0,0.0,1.4748091603053435,0.7198473282442748,0.7549618320610687,0.0,0.916793893129771
466,2055.640522875817,4.846013071895425,2.180392156862745,2.926797385620915,1.888235294117647,0.48366013071895425,934.021568627451,0.0,0.0,1.407843137254902,0.7045751633986929,0.7032679738562092,0.0,0.9450980392156862
467,2064.3513931888547,1.2028869969040248,2.9976780185758516,2.5657894736842106,1.576625386996904,0.5131578947368421,942.9736842105264,0.0,0.0,1.0193498452012384,0.4891640866873065,0.5301857585139319,0.0,0.9752321981424149
468,2046.8563909774437,3.8708947368421054,3.2330827067669174,2.830827067669173,1.325563909774436,0.6233082706766917,895.1789473684211,0.0,0.0,1.2210526315789474,0.5353383458646617,0.6857142857142857,0.0,0.9022556390977443
469,2035.7464114832535,4.38372009569378,2.5023923444976077,2.6543062200956937,1.9354066985645932,0.4533492822966507,885.6848086124402,0.0,0.0,0.4730861244019139,0.2631578947368421,0.20992822966507177,0.0,0.9461722488038278
470,2055.794326241135,2.054397163120567,2.757289204097715,2.322301024428684,1.727344365642238,0.5145784081954294,921.4736012608353,0.0,0.0,1.1221434200157605,0.5240346729708432,0.5981087470449172,0.0,0.9787234042553191
471,2053.152395915161,3.384367635506677,3.014925373134328,2.897093479968578,1.4249803613511391,0.6520031421838177,932.2529457973292,0.0,0.0,1.2278083267871172,0.5522388059701493,0.6755695208169678,0.0,0.9183032207384132
472,2040.7923222152297,5.83015733165513,2.2945248584015103,2.826305852737571,2.185022026431718,0.5110132158590308,940.4738829452485,0.0,0.0,1.4235368156073003,0.7300188797986155,0.6935179358086847,0.0,0.9251101321585903
473,2066.454613653413,1.1212378094523632,2.795198799699925,2.4508627156789196,1.7621905476369093,0.495873968492123,958.4268567141786,0.0,0.0,1.0555138784696174,0.4973743435858965,0.5581395348837209,0.0,0.978244561140285
474,2034.2182254196643,6.574124700239808,3.6418864908073543,2.3908872901678655,1.495603517186251,0.6578737010391686,927.7162270183853,0.0,0.0,1.1622701838529177,0.5059952038369304,0.6562749800159872,0.0,0.9000799360511591
475,2048.8755730189914,3.537478716437459,2.7236411263916174,2.5147347740667976,2.1571709233791747,0.47347740667976423,918.6077275703994,0.0,0.0,1.0288146692861821,0.5153896529142109,0.5134250163719711,0.0,0.9495743287491814
476,2069.7782945736435,0.3858062015503876,2.730232558139535,2.6713178294573643,1.583720930232558,0.5186046511627908,971.6573643410853,0.0,0.0,1.4736434108527132,0.7201550387596899,0.7534883720930232,0.0,0.9852713178294573
477,2062.423374613003,3.3183359133126933,3.5371517027863777,2.874613003095975,1.4791021671826625,0.641640866873065,963.5270897832818,0.0,0.0,1.390092879256966,0.6261609907120743,0.7639318885448917,0.0,0.9249226006191951
478,2036.0456005138085,8.02460500963391,2.6339113680154145,2.9550417469492616,1.7090558766859345,0.5016056518946692,898.4508670520231,0.0,0.0,1.808606294155427,0.8998073217726397,0.9087989723827874,0.0,0.915863840719332
479,2053.44142746315,2.315065942591156,3.0356865787432117,2.291698991466253,1.6718386346004654,0.5135764158262219,939.4181536074476,0.0,0.0,0.8960434445306439,0.42979053529868116,0.4662529092319628,0.0,0.9736229635376261
480,2060.366951124903,4.029681923972071,3.0457719162141195,2.6058960434445306,1.617532971295578,0.6408068269976727,925.178432893716,0.0,0.0,1.4142746314972847,0.7540729247478666,0.6602017067494181,0.0,0.9162141194724592
481,2047.6333104866346,4.148636052090473,2.5599725839616174,2.9506511309115835,1.8985606579849212,0.5044551062371487,962.1528444139822,0.0,0.0,1.0,0.5202193283070596,0.47978067169294036,0.0,0.9465387251542152
482,2067.3808139534885,2.014345930232558,2.671511627906977,2.3670058139534884,1.9527616279069768,0.4898255813953488,931.9825581395348,0.0,0.0,1.3655523255813953,0.625,0.7405523255813954,0.0,0.9803779069767442
483,2047.414156626506,4.518109939759036,3.3930722891566263,2.5881024096385543,1.555722891566265,0.6061746987951807,964.5225903614457,0.0,0.0,1.3426204819277108,0.6679216867469879,0.6746987951807228,0.0,0.9081325301204819
484,2037.8508322663251,5.316504481434058,2.7791293213828423,2.450064020486556,1.9865556978233034,0.5044814340588989,939.9507042253521,0.0,0.0,0.764404609475032,0.37900128040973113,0.3854033290653009,0.0,0.9282970550576184
485,2070.2285067873304,1.159894419306184,2.9660633484162897,2.0912518853695325,1.7790346907993966,0.4917043740573152,961.2179487179487,0.0,0.0,1.7111613876319758,0.808446455505279,0.9027149321266968,0.0,0.9788838612368024
486,2068.558064516129,3.1344435483870967,3.4233870967741935,2.7370967741935486,1.4435483870967742,0.6620967741935484,942.7024193548388,0.0,0.0,2.003225806451613,0.9516129032258065,1.0516129032258064,0.0,0.9185483870967742
487,2032.4166138237158,4.581642358909321,2.6823081800887763,2.9575142675967028,1.812301838934686,0.523145212428662,963.6125554850983,0.0,0.0,0.6759670259987318,0.3481293595434369,0.3278376664552949,0.0,0.9289790741915028
488,2056.0964039785767,1.8268706962509567,3.1078806426931904,2.5577658760520277,1.582249426166794,0.5141545524100994,967.1009946442234,0.0,0.0,1.2838561591430757,0.62203519510329,0.6618209640397857,0.0,0.9747513389441469
489,2049.211267605634,4.199288361749444,3.4670126019273537,2.5559673832468497,1.5567086730911786,0.6182357301704967,986.1697553743513,0.0,0.0,1.0993328391401038,0.5411415863602669,0.5581912527798369,0.0,0.905114899925871
490,2043.028457974851,4.95379219060225,2.299801455989411,2.5923229649238912,2.097948378557247,0.5082726671078756,927.4771674387823,0.0,0.0,1.2547981469225677,0.6671078755790867,0.5876902713434812,0.0,0.9510258107213766
491,2065.6693548387098,0.7717338709677419,2.8040322580645163,2.556451612903226,1.5661290322580645,0.5201612903225806,974.8354838709678,0.0,0.0,1.528225806451613,0.7354838709677419,0.792741935483871,0.0,0.9862903225806452
492,2071.0691915513476,3.5481427530954117,2.8266569555717407,2.7450837581937364,1.6547705753823743,0.5899490167516388,935.781500364166,0.0,0.0,1.8820101966496723,0.9621267297887837,0.9198834668608885,0.0,0.9140568099053168
493,2058.854066985646,4.638122009569378,2.452153110047847,2.8092105263157894,1.9748803827751196,0.4748803827751196,963.1788277511962,0.0,0.0,1.2111244019138756,0.6590909090909091,0.5520334928229665,0.0,0.9360047846889952
494,2068.1984790874526,1.9733916349809884,3.2068441064638784,2.1543726235741443,1.7581749049429658,0.4950570342205323,970.8,0.0,0.0,1.12319391634981,0.5422053231939163,0.5809885931558936,0.0,0.9741444866920153
495,2058.5635103926097,4.637713625866051,3.548883756735951,2.47036181678214,1.5550423402617397,0.6458814472671286,1004.5935334872979,0.0,0.0,1.4557351809083912,0.7005388760585065,0.7551963048498845,0.0,0.9145496535796767
496,2056.190253671562,4.024899866488652,2.211615487316422,2.9499332443257678,1.9259012016021362,0.520694259012016,945.6201602136182,0.0,0.0,1.2757009345794392,0.6341789052069426,0.6415220293724967,0.0,0.951935914552737
497,2073.6462848297215,1.6752631578947368,3.003095975232198,2.6037151702786376,1.575077399380805,0.4984520123839009,950.3684210526316,0.0,0.0,1.2693498452012384,0.6145510835913313,0.6547987616099071,0.0,0.9791021671826625
498,2060.0682492581604,2.905341246290801,3.373887240356083,2.836795252225519,1.3345697329376855,0.6231454005934718,968.2878338278932,0.0,0.0,1.814540059347181,0.892433234421365,0.922106824925816,0.0,0.9154302670623146
499,2037.240467404674,5.6226814268142675,2.51230012300123,2.742927429274293,1.977859778597786,0.4907749077490775,946.9753997539975,0.0,0.0,0.6875768757687577,0.35731857318573185,0.33025830258302585,0.0,0.9391143911439115
500,2089.3035439137134,0.6403543913713405,2.7033898305084745,2.272727272727273,1.7773497688751927,0.514637904468413,953.5362095531588,0.0,0.0,1.4784283513097072,0.6594761171032357,0.8189522342064715,0.0,0.9861325115562404
501,2064.454406130268,4.350306513409961,3.111111111111111,2.9624521072796934,1.4122605363984675,0.6245210727969349,979.7272030651341,0.0,0.0,1.445977011494253,0.668199233716475,0.7777777777777778,0.0,0.9141762452107279
502,2065.7749842866124,5.337247014456317,2.2859836580766815,2.813953488372093,2.2155876807039596,0.5065996228786926,961.1288497800126,0.0,0.0,1.697674418604651,0.9145191703331238,0.7831552482715274,0.0,0.9264613450659962
503,2067.2849816849816,2.9784102564102564,2.6901098901098903,2.3025641025641024,1.7626373626373626,0.4783882783882784,972.6666666666666,0.0,0.0,1.89010989010989,0.8776556776556776,1.0124542124542124,0.0,0.9736263736263736
504,2051.940664556962,5.459121835443038,3.5712025316455698,2.3805379746835444,1.5490506329113924,0.6590189873417721,982.7816455696203,0.0,0.0,1.4833860759493671,0.6859177215189873,0.7974683544303798,0.0,0.9011075949367089
505,2064.775677378702,4.5257971014492755,2.6471329552614997,2.420289855072464,2.1398865784499055,0.5003150598613737,946.4127284183995,0.0,0.0,1.3301827347195967,0.6294896030245747,0.700693131695022,0.0,0.9489603024574669
506,2086.4346153846154,0.7096461538461538,2.6953846153846155,2.585384615384615,1.6346153846153846,0.5030769230769231,962.9315384615385,0.0,0.0,1.3346153846153845,0.6623076923076923,0.6723076923076923,0.0,0.9823076923076923
507,2070.3473368342084,3.475356339084771,3.555138784696174,2.8102025506376593,1.5266316579144785,0.6114028507126782,964.0675168792199,0.0,0.0,1.8537134283570893,0.8822205551387847,0.9714928732183046,0.0,0.9107276819204801
508,2055.328703703704,7.31962962962963,2.7142857142857144,3.0747354497354498,1.746031746031746,0.5476190476190477,958.5079365079365,0.0,0.0,1.9933862433862435,0.9933862433862434,1.0,0.0,0.9186507936507936
509,2070.632696390658,1.7938499646142958,2.826610049539986,2.2901627742392074,1.7070063694267517,0.4748761500353857,976.0276008492569,0.0,0.0,1.4012738853503184,0.667374380750177,0.7338995046001415,0.0,0.9759377211606511
510,2076.7684210526318,4.463506072874494,3.208097165991903,2.6898785425101215,1.5238866396761133,0.682591093117409,952.2728744939271,0.0,0.0,2.160323886639676,1.071255060728745,1.0890688259109311,0.0,0.9076923076923077
511,2056.94096978215,4.1021222768798316,2.522839072382291,3.034434293745608,1.9276177090653548,0.5144061841180604,969.4785664089951,0.0,0.0,2.0238931834153195,1.0632466619817287,0.960646521433591,0.0,0.9536191145467322
512,2080.7902197023386,1.9505811481218993,2.6017009213323883,2.3997165131112688,1.9107016300496102,0.479801559177888,920.5861091424522,0.0,0.0,2.0630758327427356,0.959603118355776,1.1034727143869596,0.0,0.9766123316796598
513,2053.1788432267886,4.354124809741248,3.417047184170472,2.5928462709284625,1.612633181126332,0.6331811263318112,984.0410958904109,0.0,0.0,1.3987823439878235,0.6910197869101978,0.7077625570776256,0.0,0.9056316590563166
514,2049.3200257566,4.976709594333548,2.677398583386993,2.4629748873148745,2.0019317450096588,0.5041854475209272,929.243399871217,0.0,0.0,0.9555698647778493,0.4874436574372183,0.46812620734063104,0.0,0.9388280746941404
515,2088.1715355805245,0.520689138576779,2.8546816479400747,2.0921348314606742,1.8209737827715355,0.4958801498127341,955.4119850187266,0.0,0.0,1.3692883895131087,0.7273408239700374,0.6419475655430712,0.0,0.9865168539325843
516,2073.8616852146265,3.5820588235294113,3.2416534181240064,2.793322734499205,1.424483306836248,0.6542130365659777,980.7337042925278,0.0,0.0,1.6176470588235294,0.7893481717011129,0.8282988871224165,0.0,0.9197138314785374
517,2057.8391025641026,4.635282051282052,2.651282051282051,2.962820512820513,1.8705128205128205,0.5153846153846153,950.6282051282051,0.0,0.0,1.0756410256410256,0.5429487179487179,0.5326923076923077,0.0,0.9256410256410257
518,2074.974242424242,3.0257348484848485,3.074242424242424,2.574242424242424,1.5651515151515152,0.5280303030303031,953.8628787878788,0.0,0.0,1.9765151515151516,0.9378787878787879,1.0386363636363636,0.0,0.9704545454545455
519,2052.914327917282,4.230184638109306,3.401033973412112,2.564992614475628,1.5901033973412113,0.603397341211226,985.1935007385524,0.0,0.0,1.3020679468242244,0.6248153618906942,0.6772525849335302,0.0,0.9039881831610044
520,2048.656538969617,5.604564068692206,2.337516512549538,2.6393659180977544,2.1387054161162484,0.5158520475561427,959.9062087186262,0.0,0.0,1.6948480845442537,0.7939233817701453,0.9009247027741083,0.0,0.9359313077939234
521,2066.478840125392,2.676065830721003,2.769592476489028,2.44435736677116,1.572884012539185,0.5219435736677116,978.3510971786834,0.0,0.0,1.5391849529780564,0.70141065830721,0.8377742946708464,0.0,0.9733542319749217
522,2077.9490881458964,3.6457750759878422,2.730243161094225,2.8974164133738602,1.7173252279635258,0.6337386018237082,974.6770516717326,0.0,0.0,2.5463525835866263,1.2241641337386018,1.3221884498480243,0.0,0.9171732522796353
523,2059.3006493506496,3.656577922077922,2.5006493506493506,2.97012987012987,2.0714285714285716,0.4954545454545455,970.8558441558441,0.0,0.0,1.361038961038961,0.712987012987013,0.6480519480519481,0.0,0.951948051948052
524,2075.3950426026336,1.943098373353989,3.206816421378776,2.2285050348567004,1.7389620449264136,0.506584043377227,950.1843532145624,0.0,0.0,1.2501936483346243,0.592563903950426,0.6576297443841983,0.0,0.9728892331525949
525,2080.1106927710844,4.992853915662651,3.4088855421686746,2.441265060240964,1.569277108433735,0.6031626506024096,991.097891566265,0.0,0.0,2.1588855421686746,0.9977409638554217,1.161144578313253,0.0,0.911144578313253
526,2075.3039945836153,3.0723087339201083,2.2234258632362898,3.0,2.01354096140826,0.5280974949221394,981.7576167907921,0.0,0.0,1.5314827352742044,0.7339201083276913,0.7975626269465133,0.0,0.9478672985781991
527,2074.9576078728237,1.7546934140802422,2.970476911430734,2.6729750189250567,1.578349735049205,0.526116578349735,983.0862982588948,0.0,0.0,1.3754731264193794,0.6873580620741863,0.688115064345193,0.0,0.9803179409538229
528,2069.1593194122197,4.586017014694509,3.4361948955916475,2.919566898685228,1.3418406805877803,0.6357308584686775,957.9288476411447,0.0,0.0,2.0030935808197987,0.9520494972931168,1.051044083526682,0.0,0.9079659706109822
529,2036.77868852459,5.313858764186634,2.5636822194199245,2.8139974779319044,1.957124842370744,0.4905422446406053,963.9224464060529,0.0,0.0,0.9539722572509458,0.4527112232030265,0.5012610340479193,0.0,0.9407313997477932
530,2079.0208978328174,0.664891640866873,2.722136222910217,2.3157894736842106,1.7376160990712075,0.5061919504643962,962.6934984520124,0.0,0.0,1.3506191950464397,0.6431888544891641,0.7074303405572755,0.0,0.9845201238390093
531,2062.3806907378334,3.104897959183673,3.1891679748822606,2.9474097331240188,1.3759811616954474,0.6389324960753532,957.2378335949765,0.0,0.0,1.0604395604395604,0.5149136577708007,0.5455259026687598,0.0,0.9167974882260597
532,2071.883067092652,3.3010798722044727,2.2370607028753993,2.8057507987220447,2.23258785942492,0.4913738019169329,941.079233226837,0.0,0.0,1.1718849840255592,0.5642172523961662,0.607667731629393,0.0,0.9552715654952076
533,2077.771968046478,1.8553740014524327,2.736383442265795,2.4444444444444446,1.8721859114015977,0.4974582425562818,938.4800290486565,0.0,0.0,1.2774146695715323,0.6136528685548294,0.663761801016703,0.0,0.9738562091503268
534,2049.150077760498,5.324712286158632,3.5451010886469674,2.3561430793157077,1.5077760497667185,0.6283048211508554,963.7286158631415,0.0,0.0,1.525660964230171,0.7426127527216174,0.7830482115085536,0.0,0.8989113530326595
535,2064.822112415071,4.7477084620135885,2.5583693638048177,2.3755404570722667,2.073502161828289,0.4657195799876467,940.6337245213094,0.0,0.0,1.6380481778875848,0.8363187152563311,0.8017294626312539,0.0,0.9437924644842496
536,2076.5836431226767,2.061353159851301,2.599256505576208,2.5672862453531597,1.550185873605948,0.48475836431226765,958.3628252788104,0.0,0.0,1.704089219330855,0.8944237918215613,0.8096654275092937,0.0,0.9784386617100371
537,2077.912912912913,2.6332582582582584,3.3566066066066065,2.9016516516516515,1.5608108108108107,0.6006006006006006,965.9061561561562,0.0,0.0,1.427927927927928,0.6644144144144144,0.7635135135135135,0.0,0.9309309309309309
538,2047.3624161073826,6.009120805369127,2.793959731543624,3.0664429530201343,1.7953020134228188,0.5429530201342282,976.6979865771812,0.0,0.0,1.48255033557047,0.7872483221476511,0.6953020134228188,0.0,0.9201342281879195
539,2065.0280649926144,1.957282127031019,2.9505169867060563,2.317577548005908,1.6994091580502215,0.4918759231905465,951.3035450516986,0.0,0.0,1.207533234859675,0.5864106351550961,0.6211225997045791,0.0,0.9763663220088626
540,2065.32828685259,3.5868924302788847,3.084462151394422,2.6876494023904383,1.5928286852589641,0.6414342629482072,944.198406374502,0.0,0.0,1.447011952191235,0.6860557768924302,0.7609561752988048,0.0,0.9187250996015937
541,2054.928191489362,3.561409574468085,2.470744680851064,2.8138297872340425,1.8224734042553192,0.48936170212765956,950.2101063829788,0.0,0.0,1.2393617021276595,0.6190159574468085,0.620345744680851,0.0,0.9541223404255319
542,2065.9636098981077,2.573981077147016,2.7088791848617175,2.379184861717613,1.7729257641921397,0.48398835516739447,952.349344978166,0.0,0.0,1.2117903930131004,0.5160116448326055,0.6957787481804949,0.0,0.9716157205240175
543,2052.440969507428,4.434323690383112,3.501954652071931,2.6035965598123534,1.5731039874902268,0.6254886630179828,993.1892103205629,0.0,0.0,1.3487099296325253,0.6067240031274433,0.7419859265050821,0.0,0.9147771696637998
544,2038.0402813299233,5.3767710997442455,2.682864450127877,2.432864450127877,1.9744245524296675,0.5287723785166241,919.6700767263427,0.0,0.0,0.590153452685422,0.31585677749360613,0.27429667519181583,0.0,0.9392583120204604
545,2055.65613519471,2.1881337252020576,2.8633357825128583,2.1609110947832475,1.716385011021308,0.48126377663482733,962.5532696546657,0.0,0.0,0.9324026451138868,0.429096252755327,0.5033063923585599,0.0,0.9779573842762674
546,2080.2128829536528,3.500353495679497,3.1492537313432836,2.746268656716418,1.4029850746268657,0.6637863315003928,970.509033778476,0.0,0.0,1.4399057344854673,0.6677140612725845,0.772191673212883,0.0,0.9183032207384132
547,2038.3168380462726,5.2076735218509,2.730077120822622,2.9916452442159382,1.8759640102827764,0.5231362467866324,962.8971722365038,0.0,0.0,0.7294344473007712,0.40295629820051415,0.3264781491002571,0.0,0.9248071979434447
548,2057.1464339908953,3.2267830045523516,3.0030349013657056,2.5235204855842186,1.5113808801213962,0.5235204855842185,911.2298937784522,0.0,0.0,1.3619119878603945,0.65402124430956,0.7078907435508346,0.0,0.9681335356600911
549,2045.8500355366027,4.494577114427861,3.2956645344705047,2.4676616915422884,1.542999289267946,0.5948827292110874,929.1947405828003,0.0,0.0,0.9395877754086709,0.4513148542999289,0.488272921108742,0.0,0.906183368869936
550,2049.475633528265,4.155945419103314,2.3482781026640676,2.575698505523067,2.0539311241065628,0.5198180636777128,912.2456140350877,0.0,0.0,0.9876543209876543,0.5087719298245614,0.4788823911630929,0.0,0.9460688758934372
551,2074.806782334385,0.6856940063091483,2.7618296529968456,2.5149842271293377,1.583596214511041,0.5094637223974764,955.5134069400631,0.0,0.0,1.1522082018927444,0.5536277602523659,0.5985804416403786,0.0,0.9810725552050473
552,2069.4800868935554,2.687038377986966,2.823316437364229,2.778421433743664,1.6256335988414192,0.6010137581462708,951.9203475742215,0.0,0.0,1.397538015930485,0.6321506154960174,0.7653874004344677,0.0,0.9225199131064447
553,2059.1707165109033,4.7336261682242995,2.5912772585669783,2.8735202492211838,2.0498442367601246,0.4965732087227414,975.1981308411215,0.0,0.0,0.9894080996884735,0.4884735202492212,0.5009345794392523,0.0,0.940809968847352
554,2061.062310030395,2.892864741641337,3.120820668693009,2.2530395136778116,1.7196048632218845,0.4946808510638298,959.1132218844984,0.0,0.0,0.9179331306990881,0.46656534954407297,0.4513677811550152,0.0,0.9718844984802432
555,2065.5290566037734,4.2931622641509435,3.468679245283019,2.460377358490566,1.5977358490566038,0.6369811320754717,950.8203773584905,0.0,0.0,1.3449056603773586,0.6015094339622642,0.7433962264150943,0.0,0.9192452830188679
556,2049.988659106071,4.337264843228819,2.3275517011340896,2.971314209472982,1.9072715143428953,0.5376917945296864,962.4029352901935,0.0,0.0,0.9906604402935291,0.4916611074049366,0.4989993328885924,0.0,0.9386257505003336
557,2069.3837209302324,1.424968992248062,3.0317829457364343,2.608527131782946,1.5565891472868216,0.5201550387596899,949.8767441860465,0.0,0.0,0.8751937984496124,0.41472868217054265,0.4604651162790698,0.0,0.9775193798449613
558,2060.686408504176,4.727949886104784,3.432801822323462,2.8982536066818527,1.3599088838268794,0.6233864844343204,938.5307517084283,0.0,0.0,2.0068337129840548,0.9521640091116174,1.0546697038724373,0.0,0.8959757023538345
559,2030.1912128712872,5.841268564356436,2.493811881188119,2.7221534653465347,1.9399752475247525,0.463490099009901,928.8236386138614,0.0,0.0,0.6237623762376238,0.29455445544554454,0.3292079207920792,0.0,0.9368811881188119
560,2081.0812883435583,-0.3786733128834356,2.6526073619631902,2.3688650306748467,1.7753067484662577,0.5145705521472392,948.8673312883435,0.0,0.0,0.9210122699386503,0.4302147239263804,0.49079754601226994,0.0,0.9930981595092024
561,2055.760835913313,4.126950464396285,2.981424148606811,3.026315789473684,1.4063467492260062,0.6207430340557275,935.4287925696594,0.0,0.0,1.0890092879256965,0.5147058823529411,0.5743034055727554,0.0,0.9210526315789473
562,2052.0712957222568,5.200607563546187,2.2758834469931806,2.7650340979541226,2.208307501549907,0.5009299442033478,938.8133911965282,0.0,0.0,1.2163670179789212,0.6522008679479231,0.5641661500309981,0.0,0.9243645381277124
563,2083.284249084249,1.253179487179487,2.769230769230769,2.4395604395604398,1.775091575091575,0.4827838827838828,969.014652014652,0.0,0.0,1.197069597069597,0.5692307692307692,0.6278388278388278,0.0,0.9772893772893773
564,2046.3284907183213,4.288079096045198,3.62953995157385,2.4761904761904763,1.513317191283293,0.6803874092009685,943.138821630347,0.0,0.0,0.7675544794188862,0.33736884584342214,0.4301856335754641,0.0,0.9055690072639225
565,2053.998717126363,4.172450288646568,2.7261064785118667,2.4387427838357922,2.1359846055163567,0.5035279025016036,951.1026298909558,0.0,0.0,0.77228992944195,0.3957665169980757,0.3765234124438743,0.0,0.95445798588839
566,2073.2457886676875,0.5793568147013782,2.6967840735068913,2.6852986217457886,1.5444104134762635,0.5084226646248086,969.6163859111791,0.0,0.0,1.1715160796324655,0.5620214395099541,0.6094946401225115,0.0,0.9846860643185299
567,2059.2230652503795,2.8617678300455234,3.5075872534142643,2.9036418816388467,1.5037936267071321,0.6305007587253414,958.2890743550835,0.0,0.0,0.795144157814871,0.334597875569044,0.460546282245827,0.0,0.9317147192716236
568,2038.0529336734694,5.956983418367346,2.6792091836734695,2.9368622448979593,1.6983418367346939,0.5133928571428571,921.766581632653,0.0,0.0,1.2079081632653061,0.6530612244897959,0.5548469387755102,0.0,0.9151785714285714
569,2062.3420101229212,1.8388430947216197,2.906001446131598,2.360809833694866,1.7216196673897324,0.4786695589298626,961.6977584960231,0.0,0.0,1.1207519884309471,0.5278380332610267,0.5929139551699205,0.0,0.9746926970354303
570,2059.142176330421,3.4478474980142972,3.03494837172359,2.66878474980143,1.5718824463860206,0.6624305003971406,928.9054805401112,0.0,0.0,1.5210484511517077,0.7347100873709294,0.7863383637807784,0.0,0.9150119142176331
571,2058.544312630844,3.0737124912770413,2.5352407536636425,2.9867411025819957,1.8792742498255408,0.4975575715282624,953.569434752268,0.0,0.0,0.7843684577808793,0.4019539427773901,0.38241451500348916,0.0,0.9553384508025122
572,2069.721859114016,2.188329702251271,2.681917211328976,2.342047930283224,1.9186637618010167,0.49600580973129993,952.0,0.0,0.0,1.2323892519970951,0.6085693536673928,0.6238198983297023,0.0,0.9753086419753086
573,2059.056916426513,4.995338616714697,3.2247838616714697,2.5172910662824206,1.5713256484149856,0.6145533141210374,968.0828530259366,0.0,0.0,1.6368876080691643,0.7845821325648416,0.8523054755043228,0.0,0.9056195965417867
574,2033.4350811485642,5.823657927590512,2.6647940074906367,2.400124843945069,1.9675405742821472,0.4993757802746567,953.9569288389513,0.0,0.0,0.717852684144819,0.40012484394506864,0.3177278401997503,0.0,0.9394506866416978
575,2081.185767790262,1.1411685393258428,2.9288389513108615,2.1258426966292134,1.7595505617977527,0.48389513108614235,940.5288389513108,0.0,0.0,1.2779026217228464,0.6142322097378277,0.6636704119850187,0.0,0.9820224719101124
576,2058.3720190779013,4.098251192368839,3.2154213036565977,2.798092209856916,1.4141494435612083,0.643879173290938,970.7655007949126,0.0,0.0,1.135135135135135,0.5317965023847376,0.6033386327503975,0.0,0.9157392686804452
577,2043.373577749684,4.844785082174463,2.6959544879898862,2.95448798988622,1.8539823008849559,0.5025284450063211,950.6681415929204,0.0,0.0,0.6472819216182049,0.34513274336283184,0.30214917825537296,0.0,0.9241466498103666
578,2097.671002295333,1.489097169089518,3.105585309869931,2.550879877582249,1.5080336648814079,0.5164498852333589,944.9915837796481,0.0,0.0,1.4843152257077277,0.7322111706197398,0.7521040550879877,0.0,0.9762815608263198
579,2045.0972222222222,4.426279239766082,3.3289473684210527,2.4846491228070176,1.6045321637426901,0.5957602339181286,937.3216374269006,0.0,0.0,0.8947368421052632,0.39546783625730997,0.4992690058479532,0.0,0.9049707602339181
580,2046.7478882391163,5.585620532813516,2.3430799220272904,2.636127355425601,2.098115659519168,0.5373619233268356,920.0103963612736,0.0,0.0,0.8544509421702404,0.3996101364522417,0.4548408057179987,0.0,0.9389213775178687
581,2084.8430379746837,0.6305485232067511,2.9561181434599155,2.608438818565401,1.5468354430379747,0.5654008438818565,954.8227848101266,0.0,0.0,1.3848101265822785,0.6329113924050633,0.7518987341772152,0.0,0.9864978902953586
582,2065.4863266814486,3.909881744271988,2.787878787878788,2.7745750184774574,1.6925351071692536,0.5964523281596452,942.1559497413156,0.0,0.0,1.5262379896526237,0.7368810051736882,0.7893569844789357,0.0,0.9135254988913526
583,2061.7266457680253,4.252175548589341,2.3705329153605015,2.904702194357367,2.0250783699059562,0.48401253918495296,943.6056426332289,0.0,0.0,0.8702194357366771,0.45517241379310347,0.4150470219435737,0.0,0.954858934169279
584,2081.083656080558,0.6863206816421379,3.2075910147172735,2.209140201394268,1.7010069713400464,0.506584043377227,942.1030209140201,0.0,0.0,0.6715724244771495,0.3175832687838885,0.35398915569326106,0.0,0.9876065065840434
585,2063.1108562691134,5.850978593272171,3.3700305810397553,2.467889908256881,1.584862385321101,0.617737003058104,939.2018348623853,0.0,0.0,0.963302752293578,0.459480122324159,0.503822629969419,0.0,0.9090214067278287
586,2064.6791237113403,4.241759020618557,2.1533505154639174,2.8621134020618557,1.880798969072165,0.5289948453608248,926.3382731958762,0.0,0.0,1.0289948453608246,0.5579896907216495,0.47100515463917525,0.0,0.9387886597938144
587,2086.579922779923,0.5238918918918919,2.9374517374517373,2.6733590733590735,1.5505791505791506,0.4972972972972973,916.1606177606178,0.0,0.0,1.1436293436293437,0.4833976833976834,0.6602316602316602,0.0,0.9806949806949807
588,2076.533177205308,5.0931303669008585,3.5441061670569867,2.947697111631538,1.3231850117096018,0.6479313036690086,922.088212334114,0.0,0.0,1.4894613583138174,0.7345823575331772,0.7548790007806401,0.0,0.9032006245120999
589,2036.2646341463415,6.17940243902439,2.417682926829268,2.7140243902439023,1.9280487804878048,0.47073170731707314,920.3536585365854,0.0,0.0,0.7067073170731707,0.37378048780487805,0.3329268292682927,0.0,0.9414634146341463
590,2083.2730210016157,0.10264943457189012,2.7924071082390953,2.3303715670436187,1.7318255250403878,0.531502423263328,920.68901453958,0.0,0.0,1.1583198707592892,0.5589660743134087,0.5993537964458805,0.0,0.9862681744749596
591,2063.6178137651823,3.171336032388664,3.100404858299595,2.927935222672065,1.4299595141700405,0.6558704453441295,922.114979757085,0.0,0.0,1.0639676113360323,0.4931174089068826,0.5708502024291497,0.0,0.9222672064777327
592,2072.212121212121,4.482165404040404,2.259469696969697,2.8238636363636362,2.2588383838383836,0.5208333333333334,926.1969696969697,0.0,0.0,1.3289141414141414,0.702020202020202,0.6268939393939394,0.0,0.9267676767676768
593,2083.7881173944165,1.794702934860415,2.6979241231209734,2.3371510379384395,1.7523264137437367,0.47959914101646384,921.5640658554045,0.0,0.0,1.5010737294201861,0.7659269863994274,0.7351467430207588,0.0,0.9785254115962777
594,2036.0745440126884,5.647430610626487,3.522601110229976,2.403647898493259,1.4877081681205393,0.6669310071371927,942.3338620142744,0.0,0.0,0.8374306106264869,0.4409199048374306,0.3965107057890563,0.0,0.8921490880253767
595,2057.0915448188175,4.641894469167196,2.6649713922441194,2.427844882390337,2.094723458359822,0.48951048951048953,904.7914812460267,0.0,0.0,0.9796567069294342,0.5047679593134139,0.47488874761602035,0.0,0.9465988556897648
596,2094.3458823529413,0.9228549019607842,2.727843137254902,2.665098039215686,1.5003921568627452,0.5207843137254902,970.3050980392156,0.0,0.0,1.576470588235294,0.7741176470588236,0.8023529411764706,0.0,0.9827450980392157
597,2057.0254237288136,3.5250385208012327,3.4514637904468413,2.9352850539291215,1.5693374422187982,0.6548536209553159,957.2419106317411,0.0,0.0,1.1040061633281972,0.5308166409861325,0.5731895223420647,0.0,0.9137134052388289
598,2057.481053307643,6.161637764932562,2.6544637122671806,2.9993577392421322,1.7007064868336546,0.5247270391779062,923.3815028901735,0.0,0.0,1.5118818240205523,0.8086062941554271,0.7032755298651252,0.0,0.9177906229929351
599,2072.491341991342,1.5556204906204907,2.8621933621933624,2.378066378066378,1.7496392496392497,0.4754689754689755,934.5137085137085,0.0,0.0,0.8398268398268398,0.4126984126984127,0.42712842712842713,0.0,0.9797979797979798
600,2071.5345368916796,3.834929356357928,2.967817896389325,2.660910518053375,1.598901098901099,0.6436420722135008,940.2276295133438,0.0,0.0,1.1915227629513343,0.5439560439560439,0.6475667189952904,0.0,0.9167974882260597
601,2049.7642276422766,3.393211382113821,2.4227642276422765,2.890921409214092,1.852981029810298,0.5,918.1727642276422,0.0,0.0,0.8468834688346883,0.42886178861788615,0.4180216802168022,0.0,0.9539295392953929
602,2079.244396240058,1.3644540853217642,2.654374548083876,2.411424439624006,1.846710050614606,0.47288503253796094,942.648590021692,0.0,0.0,1.4041937816341288,0.6174981923355025,0.7866955892986262,0.0,0.9775849602313811
603,2062.301431801055,4.272532027128862,3.4340617935192164,2.6179351921627734,1.59758854559156,0.6141672946495855,973.5470987189149,0.0,0.0,1.0459683496608891,0.4958553127354936,0.5501130369253956,0.0,0.9193669932177845
604,2030.1080050825922,5.58930749682338,2.6689961880559085,2.4561626429479033,1.9637865311308766,0.5127064803049556,905.0686149936467,0.0,0.0,0.33799237611181704,0.18043202033036848,0.15756035578144853,0.0,0.9390088945362135
605,2067.9648093841643,1.6203079178885629,2.820381231671554,2.1173020527859236,1.8233137829912023,0.4838709677419355,932.4780058651027,0.0,0.0,0.9589442815249267,0.4626099706744868,0.4963343108504399,0.0,0.9765395894428153
606,2053.8623619371283,4.9826847918436705,3.3619371282922685,2.8054375531011044,1.5004248088360237,0.6898895497026338,951.0603228547154,0.0,0.0,1.1376380628717078,0.5097706032285472,0.6278674596431606,0.0,0.9107901444350043
607,2034.8740409207162,5.128702046035806,2.6777493606138107,2.9443734015345266,1.856777493606138,0.5300511508951407,940.2806905370844,0.0,0.0,0.6170076726342711,0.33184143222506396,0.2851662404092072,0.0,0.9290281329923273
608,2089.292913385827,1.5041889763779528,3.1385826771653544,2.5133858267716533,1.5070866141732284,0.49763779527559054,921.5291338582678,0.0,0.0,1.9732283464566929,0.9110236220472441,1.0622047244094488,0.0,0.9779527559055118
609,2051.8198334595004,3.8291370174110524,3.4928084784254354,2.5783497350492053,1.5299015897047692,0.627554882664648,928.780469341408,0.0,0.0,1.2702498107494322,0.5844057532172596,0.6858440575321726,0.0,0.9061317183951552
610,2053.8509114583335,4.8016145833333335,2.267578125,2.5729166666666665,2.0690104166666665,0.5065104166666666,903.3203125,0.0,0.0,1.4563802083333333,0.6796875,0.7766927083333334,0.0,0.9446614583333334
611,2077.7723004694835,1.888904538341158,2.723787167449139,2.524256651017214,1.5273865414710486,0.5101721439749609,945.1259780907668,0.0,0.0,1.3763693270735524,0.6517996870109546,0.7245696400625978,0.0,0.9788732394366197
612,2081.0737226277374,2.705802919708029,2.9788321167883214,2.7875912408759125,1.5956204379562045,0.6167883211678832,943.7248175182482,0.0,0.0,1.4897810218978103,0.6948905109489051,0.7948905109489051,0.0,0.9226277372262773
613,2063.0181476846055,4.5156508135168965,2.402377972465582,2.84918648310388,2.0262828535669586,0.46996245306633294,944.0694618272842,0.0,0.0,1.1145181476846058,0.581351689612015,0.5331664580725908,0.0,0.9518147684605757
614,2063.081679389313,3.283801526717557,3.1755725190839694,2.2427480916030533,1.6587786259541986,0.517557251908397,930.1786259541984,0.0,0.0,1.1351145038167938,0.500763358778626,0.6343511450381679,0.0,0.9671755725190839
615,2082.465261514442,5.439820452771272,3.5253708040593286,2.530054644808743,1.4800936768149884,0.6565183450429352,938.0202966432474,0.0,0.0,2.378610460577674,1.0710382513661203,1.3075722092115534,0.0,0.9094457455113193
616,2060.3937994722955,3.8706992084432716,2.232189973614776,2.951187335092348,1.9478891820580475,0.5263852242744064,986.4650395778364,0.0,0.0,1.5158311345646438,0.7915567282321899,0.7242744063324539,0.0,0.9406332453825857
617,2073.8936977980256,0.8662262718299164,2.985573272589218,2.7114654517843584,1.569476082004556,0.5178435839028094,958.1814730447987,0.0,0.0,1.1814730447987851,0.5466970387243736,0.6347760060744115,0.0,0.9817767653758542
618,2076.0653188180404,5.502457231726283,3.56298600311042,2.9852255054432346,1.3654743390357698,0.6345256609642301,929.0894245723173,0.0,0.0,2.06298600311042,0.9712286158631416,1.0917573872472783,0.0,0.9043545878693624
619,2035.7409896151496,6.487568723274282,2.5070250458155163,2.7495418448381184,1.952351863164325,0.49786194257788635,957.9566279780086,0.0,0.0,0.7562614538790471,0.41050702504581554,0.34575442883323154,0.0,0.9328039095907147
620,2078.8044140030443,1.0659360730593606,2.6118721461187215,2.3272450532724505,1.7534246575342465,0.5053272450532724,934.6194824961948,0.0,0.0,1.4238964992389649,0.69558599695586,0.728310502283105,0.0,0.9832572298325722
621,2047.7173377156944,5.269548069022186,3.132292522596549,3.065735414954807,1.4354971240755958,0.6606409202958093,967.9580936729664,0.0,0.0,1.4815119145439606,0.7378800328677074,0.743631881676253,0.0,0.9079704190632704
622,2051.476279650437,6.330018726591761,2.227840199750312,2.7946317103620473,2.190387016229713,0.5112359550561798,949.9993757802747,0.0,0.0,2.0112359550561796,0.9656679151061174,1.0455680399500624,0.0,0.9288389513108615
623,2082.7797356828196,1.8140822320117473,2.7812041116005872,2.477239353891336,1.6637298091042585,0.4977973568281938,971.0190895741556,0.0,0.0,1.776064610866373,0.8913362701908958,0.8847283406754772,0.0,0.9743024963289281
624,2037.9129057798891,6.193135391923991,3.695170229612035,2.491686460807601,1.468725257323832,0.667458432304038,984.055423594616,0.0,0.0,1.105304829770388,0.46239113222486145,0.6429136975455265,0.0,0.885193982581156
625,2052.3431013431014,4.919560439560439,2.6184371184371185,2.382173382173382,2.0781440781440783,0.4725274725274725,931.3199023199023,0.0,0.0,1.115995115995116,0.5457875457875457,0.5702075702075702,0.0,0.9316239316239316
626,2086.5664439495176,1.2379955456570155,2.623608017817372,2.623608017817372,1.5293244246473645,0.4884929472902747,939.9064587973274,0.0,0.0,1.5694135115070527,0.7416481069042317,0.8277654046028211,0.0,0.9851521900519673
627,2062.813274981765,3.6581181619256014,3.2968636032093364,2.777534646243618,1.4186725018234865,0.6039387308533917,965.7972283005106,0.0,0.0,1.2538293216630196,0.5915390226112327,0.662290299051787,0.0,0.9219547775346463
628,2052.8363393453574,5.350033400133601,2.6720106880427523,3.036072144288577,1.6973947895791583,0.5344021376085505,924.5971943887776,0.0,0.0,1.976619906479626,0.9812959251837008,0.9953239812959251,0.0,0.9372077488309953
629,2079.6912202380954,1.5299107142857142,2.978422619047619,2.4069940476190474,1.6644345238095237,0.49851190476190477,947.0677083333334,0.0,0.0,1.4992559523809523,0.7083333333333334,0.7909226190476191,0.0,0.9784226190476191
630,2068.2592012529367,2.863680501174628,3.0939702427564604,2.571652310101801,1.5755677368833203,0.6593578700078309,929.0853563038371,0.0,0.0,1.436961628817541,0.6750195771339076,0.7619420516836335,0.0,0.9287392325763508
631,2055.5150273224044,4.1383879781420765,2.4945355191256833,2.915983606557377,1.8681693989071038,0.5191256830601093,959.2943989071039,0.0,0.0,1.2042349726775956,0.6113387978142076,0.592896174863388,0.0,0.9480874316939891
632,2089.375,1.7659104046242775,2.635115606936416,2.467485549132948,1.847543352601156,0.47109826589595377,969.5505780346821,0.0,0.0,2.0014450867052025,0.9104046242774566,1.0910404624277457,0.0,0.9783236994219653
633,2064.570676691729,4.202503759398496,3.4646616541353383,2.6030075187969923,1.5300751879699248,0.6263157894736842,976.1744360902255,0.0,0.0,1.756390977443609,0.7849624060150376,0.9714285714285714,0.0,0.9097744360902256
634,2041.097514340344,4.885615041427661,2.664754620777565,2.445506692160612,1.9745060548119822,0.5117909496494583,930.2205226258764,0.0,0.0,0.6851497769279796,0.33078393881453155,0.3543658381134481,0.0,0.9445506692160612
635,2070.5988286969255,1.1049267935578333,2.9224011713030746,2.1376281112737923,1.7210834553440704,0.4633967789165447,978.2159590043924,0.0,0.0,1.369692532942899,0.66398243045388,0.705710102489019,0.0,0.9816983894582724
636,2062.734726688103,3.1415916398713826,3.3360128617363345,2.7435691318327975,1.4107717041800643,0.6543408360128617,969.6020900321544,0.0,0.0,1.6205787781350482,0.815112540192926,0.8054662379421221,0.0,0.9252411575562701
637,2030.7418546365914,5.578095238095238,2.656015037593985,2.918546365914787,1.8070175438596492,0.5100250626566416,945.2687969924812,0.0,0.0,0.8489974937343359,0.43546365914786966,0.41353383458646614,0.0,0.9235588972431078
638,2079.1600306278715,1.0256738131699847,3.0781010719754978,2.664624808575804,1.436447166921899,0.5,932.5130168453293,0.0,0.0,2.080398162327718,0.9709035222052067,1.1094946401225114,0.0,0.9785604900459418
639,2047.7802919708029,3.396160583941606,3.459124087591241,2.511678832116788,1.4839416058394161,0.6014598540145986,972.6255474452555,0.0,0.0,1.4313868613138687,0.6773722627737226,0.754014598540146,0.0,0.9072992700729927
640,2053.9087947882736,3.5004234527687292,2.3908794788273617,2.580456026058632,2.095114006514658,0.5309446254071661,952.4703583061889,0.0,0.0,1.1322475570032573,0.5596091205211726,0.5726384364820847,0.0,0.9537459283387623
641,2069.900561347233,0.8876423416198876,2.8091419406575784,2.5749799518845227,1.4859663191659984,0.51242983159583,962.6174819566961,0.0,0.0,1.8075380914194066,0.917401764234162,0.8901363271852446,0.0,0.9863672814755413
642,2053.1752503576536,4.455178826895565,2.88412017167382,2.767525035765379,1.6030042918454936,0.5965665236051502,949.2875536480686,0.0,0.0,1.5565092989985694,0.6852646638054364,0.871244635193133,0.0,0.9070100143061517
643,2053.77784503632,3.6554721549636806,2.4261501210653753,2.7893462469733654,1.986682808716707,0.4745762711864407,971.0768765133172,0.0,0.0,1.1113801452784504,0.5302663438256658,0.5811138014527845,0.0,0.9443099273607748
644,2060.7176,1.5012159999999999,3.3728,2.2584,1.6096,0.5216,979.2,0.0,0.0,0.8912,0.4248,0.4664,0.0,0.9752
645,2068.599374021909,4.294718309859155,3.575117370892019,2.4874804381846634,1.5422535211267605,0.6377151799687011,979.5485133020344,0.0,0.0,1.8333333333333333,0.8427230046948356,0.9906103286384976,0.0,0.9131455399061033
646,2066.475767918089,3.4598225255972697,2.1802047781569964,3.0150170648464165,1.9965870307167235,0.5215017064846417,964.364505119454,0.0,0.0,1.7344709897610922,0.7931740614334472,0.941296928327645,0.0,0.9542662116040955
647,2068.07223476298,1.5635364936042138,2.9706546275395036,2.670428893905192,1.5184349134687736,0.5221971407072987,952.0105342362679,0.0,0.0,1.234762979683973,0.5884123401053424,0.6463506395786306,0.0,0.9729119638826185
648,2066.1502629601805,5.1492637114951165,3.4207362885048838,2.8745304282494364,1.2734785875281742,0.613824192336589,911.7933884297521,0.0,0.0,2.041322314049587,0.9338842975206612,1.1074380165289257,0.0,0.8963185574755823
649,2037.3824940047962,6.02439448441247,2.474220623501199,2.710431654676259,1.90947242206235,0.4910071942446043,943.5851318944844,0.0,0.0,0.9514388489208633,0.47002398081534774,0.4814148681055156,0.0,0.9316546762589928
650,2077.896392939371,2.135149654643131,2.691481197237145,2.3445894090560246,1.6907137375287797,0.5065234075211051,962.3254029163469,0.0,0.0,1.5234075211051419,0.718342287029931,0.805065234075211,0.0,0.9762087490406753
651,2052.37922895358,3.6833674272226595,3.190401258851298,2.9504327301337527,1.4012588512981905,0.6341463414634146,981.726986624705,0.0,0.0,1.4909520062942565,0.7167584579071598,0.7741935483870968,0.0,0.9228953579858379
652,2056.883427851292,4.323616887208569,2.2488972904851923,2.841839949590422,2.2312539382482672,0.5091367359798362,946.5299306868305,0.0,0.0,1.3087586641461877,0.6572148708254568,0.651543793320731,0.0,0.9350976685570258
653,2087.412107950401,0.9157840991976659,2.723559445660102,2.3982494529540483,1.7709700948212983,0.47702407002188185,988.7768052516411,0.0,0.0,1.0663749088256747,0.5185995623632386,0.5477753464624362,0.0,0.9817651349380014
654,2049.7885714285712,5.127518367346939,3.7012244897959183,2.495510204081633,1.5779591836734694,0.6702040816326531,980.970612244898,0.0,0.0,1.262857142857143,0.5942857142857143,0.6685714285714286,0.0,0.9020408163265307
655,2051.726409119696,4.411070297656745,2.696010132995567,2.4597846738442053,2.1190626979100697,0.48005066497783405,940.2894236858772,0.0,0.0,1.0411652944901837,0.5142495250158328,0.5269157694743508,0.0,0.9385687143761875
656,2084.6931486880467,1.6195845481049564,2.563411078717201,2.5342565597667637,1.565597667638484,0.47886297376093295,944.1377551020408,0.0,0.0,1.4475218658892128,0.7099125364431487,0.7376093294460642,0.0,0.9788629737609329
657,2053.559625876851,5.209462197973499,3.5284489477786436,2.93141075604053,1.5136399064692128,0.642244738893219,923.0187061574435,0.0,0.0,1.2766952455183165,0.6118472330475448,0.6648480124707716,0.0,0.9064692127825409
658,2045.6547382372432,7.035082836315441,2.682571239231279,3.088137839628893,1.7117296222664016,0.5261762756792577,916.4042412193505,0.0,0.0,1.923790589794566,0.9980119284294234,0.9257786613651425,0.0,0.9204771371769384
659,2058.4751261715933,2.5835472242249455,2.900504686373468,2.32732516222062,1.7981254506128335,0.4960346070656092,947.9170872386445,0.0,0.0,1.0245133381398703,0.4816149963950973,0.5428983417447729,0.0,0.9718817591925017
660,2069.286384976526,3.6373943661971833,3.1025039123630673,2.592331768388106,1.6001564945226916,0.63302034428795,938.2769953051643,0.0,0.0,1.4694835680751173,0.6838810641627543,0.7856025039123631,0.0,0.905320813771518
661,2062.3475823405747,3.2695234758234055,2.552207428170988,3.0140154169586544,1.9341275402943237,0.5332866152768044,960.2368605466013,0.0,0.0,1.2025227750525578,0.6208829712683952,0.5816398037841626,0.0,0.9502452697967765
662,2093.2786764705884,2.361205882352941,2.713970588235294,2.3786764705882355,1.9220588235294118,0.49558823529411766,939.3169117647059,0.0,0.0,2.0830882352941176,1.0463235294117648,1.036764705882353,0.0,0.975735294117647
663,2069.888720666162,5.296078728236185,3.4345193035579107,2.6328538985616956,1.5730507191521574,0.6525359576078729,953.7494322482968,0.0,0.0,1.6131718395155186,0.7880393641180924,0.8251324753974262,0.0,0.9053747161241483
664,2038.626959247649,6.302783699059561,2.7423197492163007,2.4225705329153606,1.9404388714733543,0.49780564263322885,946.8206896551724,0.0,0.0,1.0984326018808777,0.5341692789968652,0.5642633228840125,0.0,0.9297805642633229
665,2078.602290076336,0.8781603053435115,2.9862595419847326,2.147328244274809,1.8,0.48778625954198473,944.2916030534351,0.0,0.0,1.4549618320610687,0.683206106870229,0.7717557251908397,0.0,0.9801526717557252
666,2095.120634920635,3.572,3.3261904761904764,2.8015873015873014,1.4468253968253968,0.6523809523809524,953.1071428571429,0.0,0.0,1.892063492063492,0.9119047619047619,0.9801587301587301,0.0,0.926984126984127
667,2042.4848484848485,5.558091553836235,2.6931012250161186,2.9626047711154095,1.8833010960670535,0.5222437137330754,921.1244358478401,0.0,0.0,0.9329464861379755,0.4880722114764668,0.4448742746615087,0.0,0.9316569954867827
668,2105.214888718342,1.2833614735226402,3.0721412125863394,2.584804297774367,1.4965464313123562,0.5157329240214888,923.39907904835,0.0,0.0,2.182655410590944,0.9877206446661551,1.1949347659247889,0.0,0.9769762087490407
669,2052.7503759398496,5.254338345864662,3.5473684210526315,2.5646616541353384,1.5533834586466166,0.6218045112781955,928.9330827067669,0.0,0.0,1.6451127819548872,0.7962406015037594,0.8488721804511278,0.0,0.893984962406015
670,2061.1706683971447,4.903374432186892,2.3659961064244,2.5859831278390657,2.0674886437378324,0.5256327060350422,930.9630110317976,0.0,0.0,1.6735885788449059,0.8098637248539909,0.863724853990915,0.0,0.9402985074626866
671,2099.888704318937,2.4852159468438537,2.947674418604651,2.6029900332225915,1.5506644518272426,0.5564784053156147,970.4734219269103,0.0,0.0,2.6785714285714284,1.2832225913621262,1.3953488372093024,0.0,0.9750830564784053
672,2085.452064896755,3.791917404129794,3.006637168141593,2.821533923303835,1.7271386430678466,0.6150442477876106,982.9218289085545,0.0,0.0,2.9631268436578173,1.4078171091445428,1.5553097345132743,0.0,0.9107669616519174
673,2052.5156626506023,5.5118072289156625,2.4813253012048193,2.803012048192771,1.9831325301204819,0.4879518072289157,969.9421686746988,0.0,0.0,1.4259036144578314,0.7463855421686747,0.6795180722891566,0.0,0.9301204819277108
674,2078.8665191740415,2.6073598820058996,3.1843657817109143,2.2588495575221237,1.698377581120944,0.48525073746312686,953.612831858407,0.0,0.0,1.7087020648967552,0.7558997050147492,0.9528023598820059,0.0,0.976401179941003
675,2074.7523076923076,4.876884615384615,3.513846153846154,2.477692307692308,1.563076923076923,0.6115384615384616,958.0692307692308,0.0,0.0,1.9992307692307691,0.92,1.0792307692307692,0.0,0.91
676,2044.4477101845523,5.372727272727273,2.3096377306903624,3.0061517429938482,1.9801777170198223,0.5331510594668489,963.473000683527,0.0,0.0,1.5475051264524948,0.8188653451811346,0.7286397812713602,0.0,0.9419002050580998
677,2065.9625550660794,2.2701027900146844,2.9118942731277535,2.5822320117474304,1.5440528634361232,0.5051395007342144,949.9955947136564,0.0,0.0,1.4412628487518355,0.6431718061674009,0.7980910425844346,0.0,0.9713656387665198
678,2060.9205500381972,3.526149732620321,3.426279602750191,2.899159663865546,1.3544690603514133,0.6287242169595111,917.3949579831933,0.0,0.0,1.73109243697479,0.7647058823529411,0.9663865546218487,0.0,0.9121466768525592
679,2043.5741857659832,5.4607961399276235,2.5705669481302773,2.695416164053076,1.9300361881785284,0.4825090470446321,925.2870928829916,0.0,0.0,1.195416164053076,0.5741857659831122,0.6212303980699638,0.0,0.9300361881785284
680,2074.1598513011154,0.9412044609665428,2.619330855018587,2.257992565055762,1.750185873605948,0.47732342007434947,954.4156133828997,0.0,0.0,1.595539033457249,0.758364312267658,0.8371747211895911,0.0,0.979182156133829
681,2066.4742589703587,4.831926677067083,3.150546021840874,2.9118564742589705,1.3650546021840875,0.6263650546021841,933.0241809672386,0.0,0.0,1.765210608424337,0.8065522620904836,0.9586583463338534,0.0,0.9087363494539782
682,2051.936448598131,5.693501557632398,2.2641744548286606,2.8386292834890967,2.2467289719626167,0.502803738317757,936.6785046728972,0.0,0.0,1.3962616822429907,0.6922118380062305,0.7040498442367601,0.0,0.9177570093457944
683,2063.394495412844,1.4904510703363913,2.8990825688073394,2.4602446483180427,1.731651376146789,0.49770642201834864,954.6307339449542,0.0,0.0,1.040519877675841,0.5,0.540519877675841,0.0,0.9808868501529052
684,2050.326967150497,4.946569900687548,3.5889992360580596,2.364400305576776,1.5271199388846448,0.6157372039724981,924.7639419404126,0.0,0.0,1.346829640947288,0.627196333078686,0.719633307868602,0.0,0.9014514896867838
685,2047.4593572778829,4.119867674858223,2.6433522369250158,2.4316320100819158,2.0970384373030875,0.4870825456836799,903.5368620037807,0.0,0.0,1.3062381852551985,0.6546943919344675,0.651543793320731,0.0,0.945179584120983
686,2096.3561964146534,0.02077162899454402,2.7248636009353078,2.5759937646141857,1.6554949337490257,0.5183164458300857,949.9454403741231,0.0,0.0,1.9625876851130164,0.9851909586905689,0.9773967264224473,0.0,0.9898674980514419
687,2068.86790986791,3.5086324786324785,3.5905205905205904,2.944055944055944,1.5104895104895104,0.6301476301476302,961.5571095571096,0.0,0.0,1.7132867132867133,0.8111888111888111,0.9020979020979021,0.0,0.9191919191919192
688,2041.1776447105788,6.702781104457752,2.7578176979374582,3.0884896872920824,1.7298735861610113,0.5176314038589488,899.8942115768463,0.0,0.0,1.552228875582169,0.7697937458416501,0.782435129740519,0.0,0.9254823685961411
689,2058.9806978470674,1.9680475129918338,2.9569413511507054,2.403118040089087,1.7334818114328137,0.4795842613214551,939.4951744617669,0.0,0.0,1.2538975501113585,0.5939123979213066,0.6599851521900519,0.0,0.9755011135857461
690,2048.342105263158,3.597708978328173,3.153250773993808,2.565015479876161,1.6029411764705883,0.6377708978328174,942.9806501547988,0.0,0.0,1.651702786377709,0.7020123839009288,0.9496904024767802,0.0,0.9256965944272446
691,2044.2831920903955,4.28670197740113,2.6532485875706215,3.009180790960452,1.9435028248587571,0.527542372881356,965.8919491525423,0.0,0.0,1.2274011299435028,0.6285310734463276,0.5988700564971752,0.0,0.9477401129943502
692,2070.957059679767,2.207110625909752,2.7147016011644833,2.4148471615720526,1.9446870451237264,0.4781659388646288,915.6171761280932,0.0,0.0,2.013100436681223,0.9461426491994177,1.066957787481805,0.0,0.9730713245997089
693,2052.8962623951184,4.393737604881769,3.459954233409611,2.574370709382151,1.5186880244088483,0.6247139588100686,944.3417238749047,0.0,0.0,1.4683447749809306,0.6376811594202898,0.8306636155606407,0.0,0.8993135011441648
694,2039.5363057324842,4.821471337579617,2.7694267515923565,2.464968152866242,1.9464968152866242,0.4910828025477707,930.759872611465,0.0,0.0,1.0394904458598726,0.5426751592356688,0.4968152866242038,0.0,0.9369426751592357
695,2070.6597170513774,0.6630752047654505,2.9784065524944157,2.213700670141474,1.8205510052122114,0.4847356664184661,941.2181682799702,0.0,0.0,1.667163067758749,0.7527922561429635,0.9143708116157856,0.0,0.9880863737900223
696,2075.6136539953454,2.783677269200931,3.3545384018619084,2.6982156710628393,1.4018619084561676,0.6330488750969744,924.4864235841737,0.0,0.0,2.3196276183087665,1.1474010861132662,1.1722265321955003,0.0,0.9332816136539953
697,2047.5082174462705,4.7066687737041715,2.672566371681416,2.9627054361567637,1.8103666245259165,0.5025284450063211,927.4007585335019,0.0,0.0,1.7288242730720607,0.8495575221238938,0.8792667509481669,0.0,0.9216182048040455
698,2095.35447761194,1.0649626865671642,3.033582089552239,2.485820895522388,1.541044776119403,0.48880597014925375,902.7477611940299,0.0,0.0,2.3992537313432836,1.1686567164179105,1.230597014925373,0.0,0.982089552238806
699,2057.8932178932178,4.387193362193362,3.4783549783549783,2.5281385281385282,1.5541125541125542,0.588023088023088,932.2438672438673,0.0,0.0,2.165223665223665,1.0317460317460319,1.1334776334776335,0.0,0.9069264069264069
700,2061.7678452301534,3.8137625083388924,2.38025350233489,2.6144096064042697,2.082721814543029,0.5223482321547699,912.3215476984657,0.0,0.0,1.752501667778519,0.8732488325550367,0.8792528352234823,0.0,0.9492995330220146
701,2100.6038492381717,0.5425581395348836,2.8083400160384926,2.549318364073777,1.5902165196471532,0.5268644747393745,928.8075380914194,0.0,0.0,2.367281475541299,1.1090617481956697,1.2582197273456295,0.0,0.9807538091419407
702,2079.2659420289856,3.634731884057971,2.889130434782609,2.7905797101449274,1.6333333333333333,0.6108695652173913,930.0144927536232,0.0,0.0,2.35,1.105072463768116,1.2449275362318841,0.0,0.9166666666666666
703,2060.855501813785,4.506952841596131,2.410519951632406,2.8216444981862154,1.9673518742442564,0.4836759371221282,945.9740024183797,0.0,0.0,1.5707376058041111,0.8288996372430472,0.7418379685610641,0.0,0.9443772672309553
704,2075.535189481825,2.703681361175561,3.2529002320185616,2.2753286929621037,1.6558391337973704,0.5305491105955144,974.4748646558392,0.0,0.0,2.1740139211136893,1.0224284609435421,1.151585460170147,0.0,0.9721577726218097
705,2082.266055045872,4.550099388379205,3.6016819571865444,2.4365443425076454,1.43348623853211,0.613914373088685,934.1697247706422,0.0,0.0,2.985474006116208,1.370795107033639,1.614678899082569,0.0,0.9143730886850153
706,2059.3913612565443,5.113861256544502,2.2735602094240837,2.9018324607329844,1.87565445026178,0.5222513089005235,961.2670157068063,0.0,0.0,1.8717277486910995,0.9672774869109948,0.9044502617801047,0.0,0.9332460732984293
707,2090.6998525073745,1.905744837758112,2.9166666666666665,2.6806784660766962,1.646755162241888,0.49336283185840707,953.2101769911504,0.0,0.0,1.6556047197640118,0.7573746312684366,0.8982300884955752,0.0,0.9778761061946902
708,2099.8965768390385,3.3100072833211946,3.490895848506919,2.800436999271668,1.2942461762563728,0.5928623452294246,909.1828113619811,0.0,0.0,3.002913328477786,1.45156591405681,1.551347414420976,0.0,0.9176984705025492
709,2041.6737416616131,5.71308065494239,2.5506367495451787,2.6919345057610675,1.9205579138872044,0.47725894481503944,929.9630078835658,0.0,0.0,1.0970285021224986,0.5403274711946634,0.5567010309278351,0.0,0.939963614311704
710,2080.9306184012066,1.131153846153846,2.66289592760181,2.321266968325792,1.6711915535444948,0.48340874811463047,939.7926093514329,0.0,0.0,2.195324283559578,1.0369532428355959,1.158371040723982,0.0,0.9796380090497737
711,2065.9686520376176,4.65237460815047,3.274294670846395,2.938871473354232,1.317398119122257,0.6606583072100314,914.7954545454545,0.0,0.0,1.7680250783699059,0.8268025078369906,0.9412225705329154,0.0,0.9192789968652038
712,2062.759159159159,4.993825825825826,2.2216216216216216,2.6984984984984983,2.1765765765765765,0.4936936936936937,916.1741741741741,0.0,0.0,1.4864864864864864,0.7615615615615615,0.7249249249249249,0.0,0.9291291291291291
713,2088.9809663250367,0.9777379209370424,2.780380673499268,2.4780380673499267,1.664714494875549,0.48243045387994143,964.6222547584188,0.0,0.0,1.8814055636896048,0.8528550512445096,1.028550512445095,0.0,0.9846266471449487
714,2045.0605363984673,5.776804597701149,3.717241379310345,2.3800766283524903,1.439080459770115,0.6306513409961686,918.5026819923372,0.0,0.0,1.511111111111111,0.7157088122605364,0.7954022988505747,0.0,0.8888888888888888
715,2058.9756857855364,5.192899002493766,2.672069825436409,2.4021197007481296,2.094139650872818,0.4619700748129676,901.6521197007481,0.0,0.0,1.4900249376558603,0.7487531172069826,0.7412718204488778,0.0,0.940149625935162
716,2105.205007824726,0.41801251956181534,2.744131455399061,2.582942097026604,1.5649452269170578,0.5258215962441315,922.9968701095462,0.0,0.0,1.9827856025039123,1.041471048513302,0.9413145539906104,0.0,0.9843505477308294
717,2070.962794229309,4.330842824601367,3.5907365223993923,2.807137433561124,1.457858769931663,0.6241457858769932,920.7744874715262,0.0,0.0,1.6408504176157934,0.7441154138192863,0.8967350037965072,0.0,0.9050873196659074
718,2048.995385629532,7.477092946605142,2.7673038892551087,3.073170731707317,1.7600527356624918,0.5108767303889256,891.0197758734344,0.0,0.0,1.6420566908371785,0.8345418589321029,0.8075148319050758,0.0,0.9156229400131839
719,2076.0455192034137,1.9179658605974395,2.8662873399715507,2.3072546230440967,1.693456614509246,0.47368421052631576,918.169985775249,0.0,0.0,1.7076813655761025,0.8477951635846372,0.8598862019914651,0.0,0.9758179231863442
720,2067.373122529644,4.0388774703557315,3.2031620553359685,2.592094861660079,1.6624505928853754,0.6466403162055336,920.80395256917,0.0,0.0,2.1272727272727274,0.9652173913043478,1.1620553359683794,0.0,0.9130434782608695
721,2047.1462747778537,4.213745727956255,2.542036910457963,2.9070403280929598,1.8632946001367054,0.49282296650717705,908.537935748462,0.0,0.0,1.1640464798359536,0.605604921394395,0.5584415584415584,0.0,0.9487354750512645
722,2089.854940434478,2.441674842326559,2.6355991590749825,2.315346881569727,1.9236159775753328,0.4744218640504555,888.1962158374212,0.0,0.0,2.388927820602663,1.1751927119831815,1.2137351086194814,0.0,0.96916608269096
723,2070.219584569733,4.618545994065282,3.5318991097922847,2.615727002967359,1.5378338278931751,0.615727002967359,943.8412462908012,0.0,0.0,1.518545994065282,0.6669139465875371,0.8516320474777448,0.0,0.9080118694362018
724,2042.9280104712043,5.8077552356020945,2.7231675392670156,2.477094240837696,2.0412303664921465,0.5071989528795812,911.3193717277487,0.0,0.0,1.1335078534031413,0.5975130890052356,0.5359947643979057,0.0,0.9463350785340314
725,2100.3212166172107,0.6099480712166172,2.8857566765578637,2.099406528189911,1.7952522255192878,0.4606824925816024,902.0727002967359,0.0,0.0,2.2566765578635013,1.0816023738872405,1.175074183976261,0.0,0.9859050445103857
726,2109.1219325153374,4.018243865030675,3.227760736196319,2.6970858895705523,1.414877300613497,0.6357361963190185,906.6909509202454,0.0,0.0,2.651073619631902,1.2829754601226995,1.3680981595092025,0.0,0.9256134969325154
727,2055.7252964426875,5.373544137022398,2.6982872200263506,3.0737812911725957,1.8563899868247695,0.5296442687747036,896.0671936758894,0.0,0.0,1.5494071146245059,0.8155467720685112,0.7338603425559947,0.0,0.9440052700922266
728,2108.859399684044,2.0436255924170617,3.236176935229068,2.552922590837283,1.4454976303317535,0.5315955766192733,913.6714060031595,0.0,0.0,2.424170616113744,1.2140600315955765,1.2101105845181674,0.0,0.9699842022116903
729,2066.479106628242,4.346829971181556,3.438040345821326,2.4711815561959654,1.4618155619596542,0.6051873198847262,901.0914985590778,0.0,0.0,1.559077809798271,0.7017291066282421,0.8573487031700289,0.0,0.9106628242074928
730,2070.1203585147246,5.238162612035851,2.440460947503201,2.5761843790012806,2.066581306017926,0.5128040973111395,899.4033290653009,0.0,0.0,1.9827144686299616,0.9871959026888605,0.9955185659411011,0.0,0.9314980793854033
731,2099.241521918941,0.9775682382133996,2.943755169561621,2.599669148056245,1.531017369727047,0.5277088502894954,943.1025641025641,0.0,0.0,2.208436724565757,1.0413564929693961,1.1670802315963607,0.0,0.9801488833746899
732,2094.7568542568542,4.167215007215008,2.8838383838383836,2.772727272727273,1.6284271284271283,0.5959595959595959,907.7554112554112,0.0,0.0,1.7438672438672438,0.8672438672438673,0.8766233766233766,0.0,0.9134199134199135
733,2076.048,5.280676923076923,2.5913846153846154,2.876923076923077,2.0276923076923077,0.4676923076923077,928.2233846153846,0.0,0.0,1.380923076923077,0.6793846153846154,0.7015384615384616,0.0,0.936
734,2093.694736842105,0.9163082706766917,3.206015037593985,2.2225563909774437,1.718045112781955,0.5030075187969925,948.6406015037594,0.0,0.0,1.343609022556391,0.6428571428571429,0.7007518796992481,0.0,0.9819548872180451
735,2098.700072621641,4.750268700072621,3.3710965867828615,2.4146695715323165,1.457516339869281,0.5896877269426289,897.6354393609296,0.0,0.0,2.6187363834422657,1.280319535221496,1.33841684822077,0.0,0.9084967320261438
736,2064.246887966805,5.075470262793914,2.304979253112033,3.0698478561549103,1.9550484094052558,0.5276625172890733,930.6147994467497,0.0,0.0,1.6535269709543567,0.8485477178423236,0.8049792531120332,0.0,0.9439834024896265
737,2086.054804804805,1.291418918918919,2.955705705705706,2.6223723723723724,1.5915915915915917,0.5007507507507507,940.1433933933934,0.0,0.0,1.4166666666666667,0.6959459459459459,0.7207207207207207,0.0,0.9804804804804805
738,2075.09946848899,4.766545178435839,3.437357630979499,2.8291571753986333,1.3075170842824602,0.6104783599088838,922.5413819286257,0.0,0.0,1.7843583902809415,0.8678815489749431,0.9164768413059985,0.0,0.9050873196659074
739,2043.0187311178247,4.606537764350453,2.547432024169184,2.65619335347432,1.938368580060423,0.4725075528700906,921.1552870090635,0.0,0.0,0.8006042296072508,0.429607250755287,0.37099697885196375,0.0,0.9347432024169184
740,2100.7633647798743,0.30845125786163524,2.738993710691824,2.4300314465408803,1.7232704402515724,0.4992138364779874,912.0487421383648,0.0,0.0,1.7004716981132075,0.8411949685534591,0.8592767295597484,0.0,0.9882075471698113
741,2072.4626984126985,3.730666666666667,3.2626984126984127,3.022222222222222,1.426984126984127,0.6460317460317461,926.8301587301587,0.0,0.0,1.5642857142857143,0.7476190476190476,0.8166666666666667,0.0,0.9230158730158731
742,2080.5148936170212,5.213775075987842,2.17629179331307,2.711854103343465,2.157446808510638,0.4656534954407295,923.3367781155015,0.0,0.0,1.9689969604863222,0.9829787234042553,0.9860182370820668,0.0,0.9325227963525836
743,2092.5909732016926,0.9233709449929478,2.6586741889985896,2.398448519040903,1.77574047954866,0.44710860366713684,940.2496473906912,0.0,0.0,1.5232722143864599,0.7404795486600846,0.7827926657263752,0.0,0.9823695345557123
744,2051.728496634256,5.349865370231862,3.5714285714285716,2.3537771129394165,1.4540014958863126,0.6185489902767389,918.2423335826477,0.0,0.0,1.0949887808526553,0.5243081525804039,0.5706806282722513,0.0,0.8990276738967838
745,2050.621192893401,5.8677284263959395,2.748730964467005,2.446700507614213,2.12246192893401,0.4784263959390863,884.2093908629441,0.0,0.0,1.1909898477157361,0.600253807106599,0.5907360406091371,0.0,0.9314720812182741
746,2096.8015988372094,0.8488808139534884,2.595203488372093,2.5886627906976742,1.6526162790697674,0.47674418604651164,918.4425872093024,0.0,0.0,1.5152616279069768,0.7594476744186046,0.7558139534883721,0.0,0.9854651162790697
747,2088.4868035190616,3.289816715542522,3.434017595307918,2.8365102639296187,1.4794721407624634,0.6092375366568915,920.4728739002933,0.0,0.0,1.3277126099706744,0.6107038123167156,0.717008797653959,0.0,0.9215542521994134
748,2062.299279633268,6.471663392272429,2.8225278323510152,3.091683038637852,1.7013752455795679,0.5389652914210871,898.822527832351,0.0,0.0,1.747871643745907,0.8578912901113294,0.8899803536345776,0.0,0.9174852652259332
749,2070.428890543559,1.8195234549516008,3.0022338049143706,2.3641102010424424,1.6895011169024572,0.49292628443782577,904.02382725242,0.0,0.0,1.1176470588235294,0.5227103499627699,0.5949367088607594,0.0,0.9769173492181683
750,2065.3889315910837,3.8678939277478865,3.072252113758647,2.533435818601076,1.5841660261337434,0.6633358954650269,890.2966948501153,0.0,0.0,1.3535741737125289,0.6302843966179862,0.7232897770945427,0.0,0.9169869331283628
751,2049.521505376344,3.988393817204301,2.4986559139784945,2.911962365591398,1.8528225806451613,0.519489247311828,908.3971774193549,0.0,0.0,0.9254032258064516,0.4657258064516129,0.4596774193548387,0.0,0.9401881720430108
752,2097.2529866479267,1.06901616303584,2.63035839775123,2.354181307097681,1.9065354884047787,0.4715390021082221,927.0295151089248,0.0,0.0,1.5207308503162333,0.6992269852424455,0.8215038650737878,0.0,0.9789177793394237
753,2065.5433614735225,5.605564082885649,3.5441289332310055,2.634689178818112,1.5871066768994628,0.6178050652340752,932.2908672294705,0.0,0.0,1.2417498081350729,0.5909439754412893,0.6508058326937836,0.0,0.9033000767459708
754,2045.4666234607907,5.1131108230719375,2.794556059624109,2.5152300712896953,1.9786130913804278,0.4880103694102398,931.1160077770577,0.0,0.0,1.0985093972780298,0.5962410887880751,0.5022683084899546,0.0,0.9345430978613092
755,2089.888230940044,1.2890303478904515,2.92820133234641,2.088823094004441,1.932642487046632,0.47964470762398226,911.0895632864544,0.0,0.0,1.8201332346410066,0.8645447816432272,0.9555884529977794,0.0,0.9800148038490007
756,2060.1236391912907,4.298017107309486,3.2037325038880247,2.7068429237947123,1.474339035769829,0.6415241057542769,931.9758942457232,0.0,0.0,1.7791601866251945,0.8398133748055988,0.9393468118195957,0.0,0.9121306376360808
757,2044.8255159474672,5.403683552220137,2.644777986241401,2.9687304565353347,1.827392120075047,0.4996873045653533,932.1694809255785,0.0,0.0,1.0944340212632895,0.5372107567229518,0.5572232645403377,0.0,0.9318323952470294
758,2105.99311400153,2.1073297628156085,3.1178270849273146,2.541698546289212,1.4889058913542463,0.5187452180566182,927.3825554705433,0.0,0.0,2.685539403213466,1.28079571537873,1.4047436878347361,0.0,0.9747513389441469
759,2049.024526979678,3.9112683952347584,3.383321653819201,2.393833216538192,1.5024526979677646,0.5872459705676244,925.9411352487737,0.0,0.0,1.5353889278206028,0.7631394533987386,0.7722494744218641,0.0,0.9110021023125437
760,2065.428848641656,4.115789133247089,2.3842173350582145,2.547865459249677,2.0452781371280726,0.518111254851229,892.2056921086676,0.0,0.0,1.7089262613195342,0.8706338939197931,0.8382923673997412,0.0,0.9482535575679172
761,2097.0273531777957,1.029855189058729,2.835880933226066,2.593724859211585,1.4899436846339502,0.5317779565567177,961.1745776347547,0.0,0.0,2.31456154465004,1.0426387771520516,1.2719227674979887,0.0,0.9839098954143202
762,2081.4785766158316,3.6950689905591863,2.896151053013798,2.824255628177197,1.6564996368917937,0.588961510530138,934.644880174292,0.0,0.0,2.3667392883079157,1.0733478576615831,1.2933914306463326,0.0,0.9172113289760349
763,2052.6388888888887,5.291907407407407,2.56358024691358,2.9080246913580248,2.0197530864197533,0.4561728395061728,926.9061728395062,0.0,0.0,1.4592592592592593,0.782716049382716,0.6765432098765433,0.0,0.9345679012345679
764,2080.343341031563,2.2056889915319475,3.2525019245573517,2.2409545804464974,1.6505003849114703,0.5150115473441108,919.5165511932256,0.0,0.0,1.4626635873749039,0.6551193225558122,0.8075442648190916,0.0,0.9753656658968437
765,2072.1673032849503,4.499083269671505,3.5248281130634074,2.446906035141329,1.5385790679908327,0.6340718105423988,895.5622612681436,0.0,0.0,1.6096256684491979,0.786096256684492,0.8235294117647058,0.0,0.919022154316272
766,2068.3660084626235,3.3980112834978846,2.258110014104372,3.090267983074753,1.975317348377997,0.5204513399153737,937.8173483779972,0.0,0.0,1.4322990126939352,0.7087447108603667,0.7235543018335684,0.0,0.96262341325811
767,2079.0980694980694,1.2749884169884171,3.026254826254826,2.627027027027027,1.5227799227799228,0.5104247104247104,932.2525096525096,0.0,0.0,1.332046332046332,0.6084942084942085,0.7235521235521235,0.0,0.9791505791505791
768,2080.267616191904,4.679107946026987,3.3845577211394304,2.8583208395802098,1.2923538230884557,0.6319340329835083,901.935532233883,0.0,0.0,2.1956521739130435,1.0172413793103448,1.1784107946026987,0.0,0.9017991004497751
769,2034.0366972477063,5.732342507645259,2.5681957186544344,2.7339449541284404,1.9565749235474006,0.4819571865443425,907.4574923547401,0.0,0.0,0.8140672782874617,0.3908256880733945,0.42324159021406726,0.0,0.9339449541284404
770,2092.349706744868,1.4710923753665688,2.567448680351906,2.310850439882698,1.7030791788856305,0.48167155425219943,894.1312316715542,0.0,0.0,1.7910557184750733,0.8782991202346041,0.9127565982404692,0.0,0.9772727272727273
771,2069.961111111111,3.9143809523809523,3.2095238095238097,3.041269841269841,1.3896825396825396,0.6444444444444445,927.6571428571428,0.0,0.0,1.961111111111111,0.9198412698412698,1.0412698412698413,0.0,0.9166666666666666
772,2073.0150753768844,5.511092964824121,2.221105527638191,2.85929648241206,2.1947236180904524,0.48115577889447236,899.8272613065327,0.0,0.0,1.9478643216080402,1.0075376884422111,0.9403266331658291,0.0,0.9390703517587939
773,2086.9512937595127,1.785502283105023,2.871385083713851,2.5114155251141552,1.6712328767123288,0.5060882800608828,963.2146118721461,0.0,0.0,1.7275494672754947,0.8165905631659056,0.910958904109589,0.0,0.9786910197869102
774,2057.8347622759156,5.285089633671084,3.61730319563523,2.4660950896336713,1.48012470771629,0.6445830085736555,936.3172252533126,0.0,0.0,1.6009353078721746,0.6804364770070148,0.9204988308651598,0.0,0.9072486360093531
775,2074.2605412208936,4.016368785399623,2.6702328508495907,2.4537444933920707,2.1139081183134047,0.4726242920075519,888.9842668344871,0.0,0.0,1.7866582756450597,0.9005663939584645,0.8860918816865954,0.0,0.9452485840151038
776,2087.308214016579,1.35896006028636,2.6827430293896004,2.6081386586284854,1.5930670685757347,0.4777694046721929,912.1047475508666,0.0,0.0,2.0489826676714396,0.9382064807837227,1.1107761868877166,0.0,0.984174830444612
777,2065.4436728395062,4.787445987654321,3.5378086419753085,2.869598765432099,1.4305555555555556,0.6195987654320988,924.6890432098766,0.0,0.0,1.712962962962963,0.7662037037037037,0.9467592592592593,0.0,0.9012345679012346
778,2061.024755700326,6.054749185667753,2.663843648208469,3.018241042345277,1.714657980456026,0.49120521172638437,900.7726384364821,0.0,0.0,2.5817589576547233,1.3211726384364821,1.260586319218241,0.0,0.9322475570032573
779,2052.07476635514,2.91764198418404,2.8698777857656363,2.2350826743350107,1.695902228612509,0.4629762760603882,917.8281811646298,0.0,0.0,1.5262401150251617,0.7117181883537024,0.8145219266714594,0.0,0.9726815240833933
780,2073.931170886076,3.0041930379746837,3.2515822784810124,2.6914556962025316,1.5878164556962024,0.6566455696202531,923.8852848101266,0.0,0.0,2.037974683544304,0.9754746835443038,1.0625,0.0,0.9248417721518988
781,2043.9473684210527,4.7480314422419685,2.5946684894053313,2.9391660970608338,1.8906356801093642,0.5037593984962406,919.2453861927546,0.0,0.0,1.5263157894736843,0.7334244702665755,0.7928913192071086,0.0,0.9357484620642516
782,2096.1130952380954,1.9104389880952382,2.712797619047619,2.4538690476190474,1.9441964285714286,0.49330357142857145,908.3102678571429,0.0,0.0,2.396577380952381,1.1681547619047619,1.228422619047619,0.0,0.9784226190476191
783,2068.147902869757,4.450242825607064,3.4113318616629873,2.5511405445180277,1.5437821927888153,0.5798381162619574,956.9411331861663,0.0,0.0,2.11626195732156,0.9595290654893304,1.1567328918322295,0.0,0.9094922737306843
784,2039.0086153846155,5.431864615384616,2.710153846153846,2.395076923076923,1.9341538461538461,0.4787692307692308,914.2178461538462,0.0,0.0,1.3415384615384616,0.6627692307692308,0.6787692307692308,0.0,0.9335384615384615
785,2082.2280701754385,2.0784515636918384,3.039664378337147,2.1807780320366135,1.7589626239511824,0.4843630816170862,946.088482074752,0.0,0.0,2.004576659038902,0.9214340198321892,1.0831426392067125,0.0,0.977116704805492
786,2090.568145800317,2.9581933438985737,3.3565768621236134,2.74405705229794,1.4524564183835182,0.652931854199683,949.3272583201268,0.0,0.0,2.4730586370839935,1.1909667194928684,1.2820919175911252,0.0,0.9326465927099842
787,2052.9377431906614,5.244708171206225,2.691958495460441,3.0389105058365757,1.8547341115434501,0.5084306095979247,917.7568093385214,0.0,0.0,1.5110246433203631,0.7821011673151751,0.728923476005188,0.0,0.930609597924773
788,2067.2305343511453,5.525763358778626,3.1297709923664123,2.5931297709923666,1.5190839694656488,0.5152671755725191,916.6770992366412,0.0,0.0,2.496946564885496,1.1870229007633588,1.3099236641221375,0.0,0.9557251908396946
789,2047.7114142139267,4.469655419956927,3.3969849246231156,2.5010768126346017,1.5276381909547738,0.5908111988513999,932.1593682699211,0.0,0.0,1.2950466618808327,0.6173725771715721,0.6776740847092606,0.0,0.9023689877961235
790,2059.468289557976,4.642837924407432,2.3286354900704676,2.5163356822549647,2.046124279308136,0.5105701473414478,888.3555413196668,0.0,0.0,1.666880204996797,0.8334401024983985,0.8334401024983985,0.0,0.9404228058936579
791,2084.967715231788,0.8644701986754967,2.935430463576159,2.669701986754967,1.5322847682119205,0.5198675496688742,938.6415562913908,0.0,0.0,2.1125827814569536,1.0041390728476822,1.1084437086092715,0.0,0.9768211920529801
792,2089.245084269663,3.725625,2.817415730337079,2.768258426966292,1.5498595505617978,0.5821629213483146,902.2219101123595,0.0,0.0,1.7900280898876404,0.8539325842696629,0.9360955056179775,0.0,0.9122191011235955
793,2070.9850839030455,3.8208017402113112,2.54319453076445,2.891858297078931,2.0273461777501556,0.4766935985083903,928.6041019266626,0.0,0.0,1.4362958359229334,0.7228091982597887,0.7134866376631448,0.0,0.9465506525792418
794,2073.4071376547704,2.1426001456664236,3.1238164603058993,2.1500364166059724,1.7057538237436272,0.4581209031318281,938.5848506919156,0.0,0.0,1.541879096868172,0.7130371449380918,0.8288419519300801,0.0,0.9737800436999272
795,2075.5455241009945,4.72973221117062,3.5768936495791888,2.4567712318286152,1.540168324407039,0.631981637337414,928.8339709257842,0.0,0.0,1.8446824789594491,0.8875286916602907,0.9571537872991583,0.0,0.9051262433052792
796,2051.926,5.063926666666667,2.3613333333333335,2.965333333333333,1.932,0.526,939.9786666666666,0.0,0.0,1.5946666666666667,0.822,0.7726666666666666,0.0,0.9346666666666666
797,2080.5952557449964,1.98114899925871,2.966641957005189,2.609340252038547,1.6130467012601928,0.4870274277242402,958.3587842846553,0.0,0.0,1.6167531504818384,0.7783543365455893,0.838398813936249,0.0,0.971830985915493
798,2086.4765151515153,4.4034696969696965,3.547727272727273,2.8992424242424244,1.3795454545454546,0.6121212121212121,931.3318181818182,0.0,0.0,1.9674242424242425,0.9196969696969697,1.0477272727272726,0.0,0.9098484848484848
799,2040.575046324892,5.789549104385424,2.6096355775169857,2.7547869054972205,2.006176652254478,0.48054354539839406,924.1754169240272,0.0,0.0,0.6961087090796788,0.36133415688696724,0.33477455219271157,0.0,0.9246448424953675
800,2078.6553672316386,1.5156658595641646,2.79499596448749,2.3502824858757063,1.7126715092816789,0.5173527037933817,955.363196125908,0.0,0.0,1.4979822437449557,0.6941081517352704,0.8038740920096852,0.0,0.976594027441485
801,2055.5417981072555,5.077421135646688,3.2507886435331232,3.0630914826498423,1.362776025236593,0.6443217665615142,928.8044164037855,0.0,0.0,1.1427444794952681,0.5047318611987381,0.63801261829653,0.0,0.9132492113564669
802,2062.8477854023704,5.497036805988771,2.3855271366188395,2.8271990018714908,2.2033686837180286,0.48346849656893326,930.4778540237055,0.0,0.0,1.5364940736119777,0.8047411104179664,0.7317529631940112,0.0,0.9220212102308172
803,2085.3345246604717,1.3977197998570405,2.714796283059328,2.461758398856326,1.7834167262330236,0.4581844174410293,944.6440314510364,0.0,0.0,1.551107934238742,0.7512508934953538,0.7998570407433881,0.0,0.9835596854896355
804,2052.0156494522694,4.551549295774648,3.7104851330203443,2.458528951486698,1.482003129890454,0.6165884194053208,947.3935837245697,0.0,0.0,1.3528951486697967,0.6017214397496088,0.7511737089201878,0.0,0.8974960876369327
805,2058.0369211514394,5.16671464330413,2.6821026282853566,2.4242803504380475,2.1120150187734668,0.4637046307884856,929.779098873592,0.0,0.0,1.3272841051314144,0.6921151439299124,0.6351689612015019,0.0,0.9355444305381727
806,2083.7365591397847,1.713141321044547,2.7142857142857144,2.7442396313364057,1.6052227342549923,0.5,969.4900153609831,0.0,0.0,1.6658986175115207,0.7695852534562212,0.8963133640552995,0.0,0.9831029185867896
807,2059.9875091844233,4.95747979426892,3.41513592946363,2.7714915503306394,1.4731814842027922,0.5973548861131521,915.6620132255695,0.0,0.0,1.4753857457751653,0.6891991182953711,0.7861866274797943,0.0,0.9132990448199853
808,2042.1940789473683,6.300802631578947,2.6638157894736842,3.075,1.7,0.5078947368421053,924.4309210526316,0.0,0.0,1.2907894736842105,0.6526315789473685,0.6381578947368421,0.0,0.9256578947368421
809,2056.071480144404,2.8974729241877255,2.903249097472924,2.335740072202166,1.6851985559566787,0.4693140794223827,932.5660649819495,0.0,0.0,1.1610108303249098,0.5530685920577617,0.607942238267148,0.0,0.9689530685920578
810,2056.795724465558,3.812351543942993,3.1528107680126682,2.6357878068091845,1.6365795724465557,0.6334125098970704,891.8456057007126,0.0,0.0,1.6199524940617578,0.7783056215360253,0.8416468725257323,0.0,0.9184481393507522
811,2042.9843537414965,5.2108639455782315,2.5843537414965985,2.966666666666667,1.9068027210884353,0.5081632653061224,911.5095238095238,0.0,0.0,1.0653061224489795,0.5687074829931973,0.4965986394557823,0.0,0.936734693877551
812,2071.898611111111,3.385236111111111,2.611111111111111,2.3229166666666665,1.8583333333333334,0.46805555555555556,905.7763888888888,0.0,0.0,1.6618055555555555,0.79375,0.8680555555555556,0.0,0.9715277777777778
813,2055.0707512764407,4.687432530999271,3.274252370532458,2.5543398978847556,1.549234135667396,0.5813274981765135,933.837345003647,0.0,0.0,1.7826404084609775,0.8220277169948942,0.9606126914660832,0.0,0.9095550692924872
814,2037.9271725826193,5.43782129742962,2.693390452876377,2.3947368421052633,1.8855569155446756,0.4834761321909425,900.266217870257,0.0,0.0,0.8647490820073439,0.4620563035495716,0.40269277845777235,0.0,0.9277845777233782
815,2063.5598845598847,2.142135642135642,2.9011544011544013,2.119047619047619,1.8333333333333333,0.468975468975469,934.077922077922,0.0,0.0,1.4487734487734487,0.696969696969697,0.7518037518037518,0.0,0.976911976911977
816,2076.229314420804,4.142048857368007,3.289204097714736,2.772261623325453,1.4491725768321513,0.6509062253743105,913.925925925926,0.0,0.0,2.442868400315209,1.1812450748620962,1.2616233254531126,0.0,0.9188337273443656
817,2055.884067357513,4.706146373056995,2.70660621761658,3.028497409326425,1.8873056994818653,0.5045336787564767,900.5569948186528,0.0,0.0,0.9727979274611399,0.49352331606217614,0.4792746113989637,0.0,0.9255181347150259
818,2091.5695718654433,2.2465290519877676,3.08868501529052,2.5787461773700304,1.481651376146789,0.4938837920489297,914.3012232415903,0.0,0.0,1.9587155963302751,0.9548929663608563,1.003822629969419,0.0,0.9740061162079511
819,2058.256894049347,4.6410159651669085,3.3773584905660377,2.4658925979680695,1.5544267053701015,0.6037735849056604,918.4760522496372,0.0,0.0,1.330188679245283,0.6182873730043541,0.7119013062409288,0.0,0.909288824383164
820,2064.2973509933777,4.29192715231788,2.3218543046357616,2.623841059602649,2.1013245033112584,0.5172185430463576,911.1980132450332,0.0,0.0,1.3324503311258278,0.6675496688741722,0.6649006622516557,0.0,0.9443708609271523
821,2085.695652173913,0.7021985233798196,2.8326497128794093,2.5709598031173093,1.5488105004101722,0.5315832649712879,911.0024610336342,0.0,0.0,1.716160787530763,0.8334700574241182,0.8826907301066448,0.0,0.9827727645611156
822,2088.1001390820584,4.998623087621697,2.812239221140473,2.72461752433936,1.6189151599443672,0.5577190542420027,905.1717663421418,0.0,0.0,1.8581363004172462,0.9005563282336578,0.9575799721835884,0.0,0.9082058414464534
823,2053.816944959802,5.7892702535559675,2.4446505875077302,2.8967223252937537,2.0432900432900434,0.479282622139765,945.0018552875696,0.0,0.0,1.3902288188002474,0.6796536796536796,0.7105751391465677,0.0,0.9307359307359307
824,2081.957767722474,2.6432730015082955,3.2254901960784315,2.2209653092006034,1.751131221719457,0.48868778280542985,937.3974358974359,0.0,0.0,1.6274509803921569,0.7669683257918553,0.8604826546003017,0.0,0.9728506787330317
825,2084.636712749616,3.598817204301075,3.4831029185867894,2.4500768049155144,1.6113671274961598,0.6267281105990783,938.7480798771121,0.0,0.0,2.033026113671275,0.9807987711213517,1.0522273425499231,0.0,0.9216589861751152
826,2074.2671140939597,4.600469798657718,2.2563758389261745,3.002013422818792,1.929530201342282,0.5167785234899329,913.251677852349,0.0,0.0,1.8664429530201343,0.9335570469798657,0.9328859060402684,0.0,0.9395973154362416
827,2086.126453488372,1.5100363372093022,2.8670058139534884,2.5763081395348837,1.648982558139535,0.4585755813953488,925.8190406976744,0.0,0.0,1.4549418604651163,0.7441860465116279,0.7107558139534884,0.0,0.9796511627906976
828,2080.1624521072795,6.106291187739464,3.432183908045977,2.881992337164751,1.314176245210728,0.6291187739463602,905.7065134099616,0.0,0.0,2.0061302681992337,0.9877394636015325,1.0183908045977013,0.0,0.8919540229885058
829,2045.6955460646736,5.720207443563148,2.6095179987797437,2.747406955460647,1.9517998779743746,0.48322147651006714,907.7949969493594,0.0,0.0,1.1525320317266625,0.5936546674801708,0.5588773642464918,0.0,0.924954240390482
830,2070.614747930775,1.53267870579383,2.63581640331076,2.2633559066967646,1.7908201655379985,0.48382242287434163,914.8465011286681,0.0,0.0,1.5741158765989465,0.7772761474793077,0.7968397291196389,0.0,0.9774266365688488
831,2067.8743494423793,4.484892193308551,3.088475836431227,2.933085501858736,1.3739776951672862,0.6081784386617101,915.6230483271376,0.0,0.0,1.528624535315985,0.7226765799256506,0.8059479553903346,0.0,0.9174721189591079
832,2062.191806331471,5.846958410924892,2.28739913097455,2.7914338919925514,2.2060831781502173,0.4934823091247672,894.0751086281813,0.0,0.0,1.547486033519553,0.8057107386716326,0.7417752948479206,0.0,0.9180633147113594
833,2077.132116788321,1.1785547445255473,2.7664233576642334,2.5014598540145987,1.8197080291970802,0.4832116788321168,923.1474452554745,0.0,0.0,1.5014598540145985,0.7145985401459855,0.7868613138686131,0.0,0.983941605839416
834,2063.0548262548264,5.0917992277992274,3.5266409266409267,2.427027027027027,1.555984555984556,0.6471042471042471,929.7536679536679,0.0,0.0,1.9189189189189189,0.901930501930502,1.016988416988417,0.0,0.9034749034749034
835,2061.5174603174605,4.6227238095238095,2.5961904761904764,2.466666666666667,2.10031746031746,0.46285714285714286,907.7111111111111,0.0,0.0,1.4368253968253968,0.7307936507936508,0.706031746031746,0.0,0.9523809523809523
836,2093.8243978243977,0.6530536130536131,2.6915306915306916,2.693861693861694,1.6464646464646464,0.5034965034965035,914.3931623931624,0.0,0.0,1.7995337995337994,0.9075369075369075,0.891996891996892,0.0,0.9852369852369852
837,2072.7376928728877,4.414011756061719,3.3115356355620866,2.797942689199118,1.550330639235856,0.585598824393828,909.6017634092578,0.0,0.0,1.8559882439382807,0.9066862601028656,0.9493019838354151,0.0,0.9221160911094783
838,2056.667739858339,6.994333547971668,2.6613007083065034,3.0051513200257567,1.7147456535737282,0.49581455247907275,915.0399227301996,0.0,0.0,1.862202189311011,0.918222794591114,0.943979394719897,0.0,0.9214423696072118
839,2087.963176895307,0.9896606498194946,2.8707581227436823,2.316967509025271,1.7379061371841156,0.48231046931407945,917.5046931407942,0.0,0.0,1.5155234657039711,0.6866425992779783,0.8288808664259928,0.0,0.9783393501805054
840,2075.8316445830087,3.6994076383476227,3.0662509742790336,2.6500389711613406,1.549493374902572,0.6500389711613406,926.3522992985191,0.0,0.0,1.7123928293063133,0.7996882307092751,0.9127045985970382,0.0,0.9282930631332814
841,2057.130893736805,4.494398311048557,2.5876143560872626,3.023223082336383,1.9064039408866995,0.4954257565095003,885.3054187192118,0.0,0.0,1.3300492610837438,0.6805066854327938,0.6495425756509501,0.0,0.9429978888106967
842,2108.7156160458453,1.4953438395415473,2.63323782234957,2.4226361031518624,1.8782234957020056,0.4656160458452722,903.5042979942693,0.0,0.0,1.936246418338109,0.8660458452722063,1.0702005730659025,0.0,0.9799426934097422
843,2060.339776951673,5.528312267657992,3.349442379182156,2.579925650557621,1.5732342007434945,0.6007434944237918,922.0862453531598,0.0,0.0,1.4825278810408922,0.7368029739776951,0.745724907063197,0.0,0.8996282527881041
844,2045.6636481241915,5.191856403622251,2.7477360931435966,2.476067270375162,2.0064683053040104,0.4922380336351876,884.6811125485123,0.0,0.0,1.2761966364812418,0.6397153945666235,0.6364812419146184,0.0,0.943078913324709
845,2092.8364038319824,0.2372660280029477,2.8850405305821667,2.176123802505527,1.789240972733972,0.4767870302137067,868.4642593957259,0.0,0.0,1.5770081061164334,0.7862932940309506,0.7907148120854827,0.0,0.9867354458364038
846,2077.170263788969,4.830143884892086,3.179056754596323,2.803357314148681,1.454036770583533,0.6402877697841727,903.0303756994405,0.0,0.0,1.938449240607514,0.9400479616306955,0.9984012789768185,0.0,0.9080735411670664
847,2054.7192307692308,6.321955128205128,2.6455128205128204,2.9916666666666667,1.875,0.4967948717948718,891.4871794871794,0.0,0.0,1.3955128205128204,0.7243589743589743,0.6711538461538461,0.0,0.9198717948717948
848,2071.5720789074353,2.843998482549317,3.069802731411229,2.5781487101669196,1.5531107738998482,0.48482549317147194,869.0280728376327,0.0,0.0,1.5311077389984826,0.7731411229135053,0.7579666160849773,0.0,0.9704097116843703
849,2065.415738678545,4.974907201187825,3.5115070527097254,2.5241276911655532,1.552338530066815,0.6087602078693393,898.3504083147735,0.0,0.0,1.4469190794357831,0.7416481069042317,0.7052709725315516,0.0,0.8997772828507795
850,2079.2088948787064,4.017486522911051,2.396900269541779,2.707547169811321,2.1152291105121295,0.5020215633423181,874.8032345013477,0.0,0.0,1.3382749326145553,0.6381401617250674,0.7001347708894878,0.0,0.9460916442048517
851,2089.318828451883,1.5985857740585774,2.8719665271966526,2.607531380753138,1.482008368200837,0.5280334728033472,896.855230125523,0.0,0.0,1.497907949790795,0.702928870292887,0.7949790794979079,0.0,0.9799163179916318
852,2095.7328136073706,2.6846633593196314,2.7639971651311126,2.728561304039688,1.6328844790928418,0.5712260807937632,915.925584691708,0.0,0.0,1.4599574769666903,0.7243090007087172,0.735648476257973,0.0,0.9192062367115521
853,2060.474617737003,4.919681957186545,2.456269113149847,2.852599388379205,2.002446483180428,0.46972477064220186,909.9963302752294,0.0,0.0,1.1957186544342508,0.6207951070336392,0.5749235474006116,0.0,0.9437308868501529
854,2094.596464258263,1.9661183704842429,3.20445810914681,2.219062259800154,1.6710222905457341,0.49346656418139895,912.8332052267486,0.0,0.0,1.813989239046887,0.8132205995388163,1.0007686395080708,0.0,0.97847809377402
855,2078.2298507462688,4.49676119402985,3.397761194029851,2.382089552238806,1.5440298507462686,0.608955223880597,905.4522388059702,0.0,0.0,1.673134328358209,0.8007462686567164,0.8723880597014926,0.0,0.9156716417910448
856,2067.8607427055704,3.832990716180371,2.194297082228117,2.930371352785146,1.9409814323607426,0.5072944297082228,914.340848806366,0.0,0.0,1.4005305039787799,0.713527851458886,0.6870026525198939,0.0,0.9502652519893899
857,2083.1081712062255,1.5326536964980546,3.0412451361867703,2.7151750972762647,1.5976653696498055,0.5027237354085603,936.3758754863813,0.0,0.0,1.4708171206225682,0.708171206225681,0.7626459143968871,0.0,0.9797665369649805
858,2092.0790454884414,4.291558538404176,3.48993288590604,2.8337061894108873,1.296793437733035,0.5950782997762863,892.9873228933632,0.0,0.0,2.0961968680089487,0.9500372856077554,1.1461595824011932,0.0,0.906785980611484
859,2043.0433168316831,6.2878465346534655,2.563737623762376,2.728960396039604,1.9715346534653466,0.474009900990099,894.7753712871287,0.0,0.0,1.1707920792079207,0.6058168316831684,0.5649752475247525,0.0,0.9300742574257426
860,2090.9374021909234,0.8615414710485133,2.689358372456964,2.2253521126760565,1.729264475743349,0.5125195618153364,915.8262910798122,0.0,0.0,1.5289514866979657,0.7363067292644757,0.7926447574334898,0.0,0.9874804381846636
861,2065.38026013772,4.88273909716909,3.177505738332058,2.9403213465952565,1.334353481254782,0.630451415455241,921.7360367253252,0.0,0.0,1.8492731446059678,0.8783473603672532,0.9709257842387146,0.0,0.9166029074215761
862,2080.661279896574,3.82021978021978,2.3290239172592115,2.841628959276018,2.233354880413704,0.4770523594053006,938.3296703296703,0.0,0.0,1.605688429217841,0.8312863606981254,0.7744020685197156,0.0,0.9489334195216548
863,2085.290275761974,1.7946516690856311,2.727866473149492,2.441944847605225,1.7917271407837445,0.47387518142235124,929.9492017416545,0.0,0.0,1.5,0.6756168359941945,0.8243831640058055,0.0,0.9775036284470247
864,2059.473035439137,6.010123266563944,3.6394453004622496,2.3929121725731894,1.4699537750385208,0.6271186440677966,909.1810477657936,0.0,0.0,1.4637904468412943,0.7473035439137135,0.7164869029275809,0.0,0.8967642526964561
865,2066.1120962634577,3.5293350221659274,2.5921469284357186,2.4268524382520584,2.1203293223559214,0.4635845471817606,909.171627612413,0.0,0.0,1.3869537682077264,0.7017099430018999,0.6852438252058265,0.0,0.9563014566181127
866,2087.1718131433095,1.3842042755344417,2.7529691211401426,2.714172604908947,1.6080760095011877,0.5344418052256532,919.6539984164688,0.0,0.0,1.892319873317498,0.9501187648456056,0.9422011084718923,0.0,0.9833729216152018
867,2085.0797592174567,4.336493604213694,3.4236267870579384,2.7848006019563583,1.4341610233258089,0.617005267118134,920.6455981941309,0.0,0.0,2.3927765237020315,1.161775771256584,1.2310007524454476,0.0,0.9157261098570354
868,2053.254710851202,6.127329434697855,2.669915529564652,3.050682261208577,1.7037037037037037,0.48473034437946716,896.4782326185835,0.0,0.0,1.8538011695906433,1.0389863547758285,0.8148148148148148,0.0,0.926575698505523
869,2087.9595505617976,0.9512134831460674,2.959550561797753,2.2531835205992508,1.69812734082397,0.4771535580524345,933.549063670412,0.0,0.0,1.349812734082397,0.6719101123595506,0.6779026217228464,0.0,0.9805243445692884
870,2069.688058489033,5.436807473598701,3.199837530463038,2.7116165718927703,1.5889520714865963,0.6669374492282697,913.8862713241267,0.0,0.0,1.876523151909017,0.9098294069861901,0.966693744922827,0.0,0.9082047116165719
871,2063.7061281337046,3.3793454038997215,2.4770194986072425,2.9756267409470754,1.9366295264623956,0.5041782729805014,939.0362116991644,0.0,0.0,1.733983286908078,0.8837047353760445,0.8502785515320335,0.0,0.958217270194986
872,2100.769398114576,1.9114358230601884,2.6954314720812182,2.379260333575054,1.8629441624365481,0.4619289340101523,935.4408992023206,0.0,0.0,2.3372008701957943,1.1218274111675126,1.2153734590282814,0.0,0.9796954314720813
873,2074.59733530718,4.476336047372317,3.312361213915618,2.515173945225759,1.540340488527017,0.5943745373797187,958.4078460399704,0.0,0.0,2.312361213915618,1.0880829015544042,1.224278312361214,0.0,0.9008142116950407
874,2046.466327827192,6.354294790343075,2.7407878017789074,2.4567979669631512,1.9669631512071157,0.4866581956797967,906.5825921219822,0.0,0.0,1.357687420584498,0.6543837357052097,0.7033036848792884,0.0,0.9301143583227446
875,2095.5529322162984,1.7485605483625286,2.951256664127951,2.1881188118811883,1.7616146230007617,0.4843869002284844,916.5453160700686,0.0,0.0,1.785986290936786,0.8697638994668697,0.9162223914699162,0.0,0.9801980198019802
876,2101.069968553459,4.5471540880503145,3.2185534591194966,2.7806603773584904,1.4426100628930818,0.6273584905660378,921.1014150943396,0.0,0.0,2.0385220125786163,0.8922955974842768,1.1462264150943395,0.0,0.914308176100629
877,2045.2841565105837,6.023912764592688,2.7626683771648493,3.0147530468248878,1.874919820397691,0.4990378447722899,909.9121231558692,0.0,0.0,1.3495830660679924,0.7164849262347659,0.6330981398332264,0.0,0.9114817190506735
878,2086.374144486692,2.8138631178707225,3.1019011406844106,2.6250950570342204,1.5939163498098858,0.511787072243346,877.7642585551331,0.0,0.0,2.092015209125475,1.0349809885931558,1.0570342205323193,0.0,0.9650190114068441
879,2056.121951219512,4.68529933481153,3.416112342941611,2.5550628233555064,1.4811529933481153,0.60679970436068,912.9349593495934,0.0,0.0,1.3488543976348855,0.6526237989652623,0.6962305986696231,0.0,0.8965262379896526
880,2061.2070105820108,3.945383597883598,2.35978835978836,2.632936507936508,2.125661375661376,0.49074074074074076,904.8955026455027,0.0,0.0,1.3994708994708995,0.6633597883597884,0.7361111111111112,0.0,0.9431216931216931
881,2084.8979266347687,1.100829346092504,2.751196172248804,2.536682615629984,1.638755980861244,0.5135566188197768,910.8644338118022,0.0,0.0,2.2240829346092506,1.069377990430622,1.1547049441786283,0.0,0.9808612440191388
882,2102.5342667649224,4.2896978629329405,2.8887251289609432,2.854089904200442,1.627855563743552,0.5983787767133383,916.7324981577008,0.0,0.0,2.5276344878408255,1.1577008106116433,1.369933677229182,0.0,0.9027266028002948
883,2048.2184258694324,5.203422818791946,2.4197681513117755,2.804758999389872,2.0134228187919465,0.4521049420378279,923.6497864551555,0.0,0.0,1.2080536912751678,0.6223306894447834,0.5857230018303844,0.0,0.9402074435631482
884,2082.1558538404174,1.2620581655480982,3.1424310216256526,2.2170022371364655,1.7076808351976138,0.47874720357941836,923.4183445190157,0.0,0.0,1.6629381058911261,0.7315436241610739,0.9313944817300522,0.0,0.9821029082774049
885,2082.0797592174567,5.2728066215199405,3.4650112866817158,2.440180586907449,1.5011286681715577,0.6064710308502633,912.1407072987208,0.0,0.0,2.523702031602709,1.2084273890142965,1.3152746425884123,0.0,0.908201655379985
886,2058.566534914361,4.407450592885375,2.1541501976284585,2.9683794466403164,1.8919631093544138,0.49472990777338605,898.3267457180501,0.0,0.0,1.5263504611330698,0.7549407114624506,0.7714097496706193,0.0,0.9407114624505929
887,2095.662386706949,0.39340634441087613,2.937311178247734,2.6623867069486407,1.596676737160121,0.4811178247734139,942.6963746223565,0.0,0.0,1.8361027190332326,0.8648036253776435,0.9712990936555891,0.0,0.9856495468277946
888,2086.1750380517506,4.737458143074582,3.3942161339421615,2.9444444444444446,1.339421613394216,0.6103500761035008,923.3013698630137,0.0,0.0,1.7617960426179604,0.834855403348554,0.9269406392694064,0.0,0.9010654490106544
889,2048.315337423313,5.327319018404908,2.4797546012269938,2.734355828220859,1.992638036809816,0.4619631901840491,931.9208588957056,0.0,0.0,0.9061349693251534,0.47975460122699387,0.4263803680981595,0.0,0.938036809815951
890,2083.1724683544303,0.8629509493670886,2.7444620253164556,2.3172468354430378,1.7112341772151898,0.49604430379746833,938.7650316455696,0.0,0.0,1.3773734177215189,0.7444620253164557,0.6329113924050633,0.0,0.9818037974683544
891,2069.4210526315787,5.2412967200610225,3.083905415713196,2.913806254767353,1.4149504195270786,0.5980167810831426,899.2921434019833,0.0,0.0,1.8306636155606408,0.9038901601830663,0.9267734553775744,0.0,0.9077040427154843
892,2082.345260514752,5.856001255492782,2.2523540489642184,2.810420590081607,2.1833019460138106,0.47771500313873194,940.480853735091,0.0,0.0,1.9416195856873824,1.0156936597614563,0.9259259259259259,0.0,0.9271814187068425
893,2090.9647228221743,3.104434845212383,2.737940964722822,2.461483081353492,1.8099352051835853,0.4722822174226062,936.9236861051116,0.0,0.0,2.0806335493160546,0.9762419006479481,1.1043916486681065,0.0,0.9748020158387329
894,2082.6516679596584,5.620659425911559,3.4879751745539176,2.425135764158262,1.557020946470132,0.6229635376260667,947.8285492629946,0.0,0.0,1.795190069821567,0.8564778898370831,0.9387121799844841,0.0,0.9022498060512025
895,2074.5217940619077,3.6746114971572963,2.6001263423878713,2.410612760581175,2.1162349968414405,0.43651295009475677,906.5382185723311,0.0,0.0,1.4024005053695514,0.6974099810486418,0.7049905243209097,0.0,0.9519898926089703
896,2106.2688253012047,1.644909638554217,2.6370481927710845,2.6174698795180724,1.6408132530120483,0.48493975903614456,925.539156626506,0.0,0.0,1.8659638554216869,0.9337349397590361,0.9322289156626506,0.0,0.9789156626506024
897,2084.5457294028724,4.144331065759637,3.489040060468632,2.81708238851096,1.5547996976568406,0.6009070294784581,933.3998488284202,0.0,0.0,1.7762660619803476,0.8269085411942555,0.9493575207860923,0.0,0.9153439153439153
898,2057.3960132890365,6.908677740863787,2.7641196013289036,3.118936877076412,1.7295681063122923,0.5023255813953489,926.0877076411961,0.0,0.0,1.4604651162790698,0.746843853820598,0.7136212624584718,0.0,0.9235880398671097
899,2095.032329169728,1.5745187362233652,2.9573842762674505,2.399706098457017,1.7700220426157238,0.47171197648787655,918.0139603232917,0.0,0.0,1.5238795003673768,0.7002204261572373,0.8236590742101396,0.0,0.9772226304188097
900,2088.3261217948716,3.9790625,3.1971153846153846,2.6634615384615383,1.6161858974358974,0.6306089743589743,921.7107371794872,0.0,0.0,1.8709935897435896,0.907051282051282,0.9639423076923077,0.0,0.9158653846153846
901,2058.0251572327043,4.545150244584207,2.5003494060097835,2.986023759608665,1.8951781970649895,0.4968553459119497,920.3640810621943,0.0,0.0,1.2760307477288608,0.6212438853948288,0.6547868623340322,0.0,0.9447938504542278
902,2123.9500362056483,3.146451846488052,2.674149167270094,2.336712527154236,1.9210716871832005,0.4887762490948588,906.1585807385952,0.0,0.0,2.349746560463432,1.1404779145546706,1.2092686459087618,0.0,0.9666908037653874
903,2073.6956193353476,5.304403323262839,3.3700906344410875,2.6253776435045317,1.6095166163141994,0.6064954682779456,935.9901812688822,0.0,0.0,1.7885196374622356,0.7824773413897281,1.0060422960725075,0.0,0.9086102719033232
904,2062.4380892520426,5.253519798868636,2.7818981772470144,2.423004399748586,1.993086109365179,0.4619736015084852,920.9157762413577,0.0,0.0,1.3802639849151477,0.7064739157762414,0.6737900691389064,0.0,0.9308610936517914
905,2097.297808012094,1.2886545729402872,2.9606953892668177,2.176114890400605,1.82010582010582,0.48299319727891155,900.5842781557068,0.0,0.0,2.0816326530612246,1.0083144368858654,1.073318216175359,0.0,0.9856386999244142
906,2091.706855791962,4.419598108747045,3.2994483845547675,2.7415287628053586,1.3940110323089046,0.628053585500394,920.4633569739952,0.0,0.0,1.7628053585500394,0.843183609141056,0.9196217494089834,0.0,0.9219858156028369
907,2063.1368821292776,6.003922686945501,2.673637515842839,3.027249683143219,1.8751584283903675,0.4873257287705957,921.4391634980989,0.0,0.0,1.226235741444867,0.6444866920152091,0.5817490494296578,0.0,0.9195183776932826
908,2128.114307342922,1.3393792581377744,3.088569265707797,2.5738077214231643,1.6086298258894776,0.4784254352763058,893.111279333838,0.0,0.0,2.028766086298259,0.9969719909159728,1.0317940953822862,0.0,0.9765329295987888
909,2080.065297138665,4.8626045487894345,3.375641966250917,2.4739545121056494,1.5253118121790168,0.6038151137197358,924.602347762289,0.0,0.0,1.9559794570799707,0.9376375641966251,1.0183418928833456,0.0,0.900953778429934
910,2076.093114754098,4.939062295081967,2.4944262295081967,2.657049180327869,2.118688524590164,0.5291803278688525,922.3855737704918,0.0,0.0,1.8983606557377048,0.9521311475409836,0.9462295081967214,0.0,0.9298360655737705
911,2104.6354838709676,1.0610806451612904,2.8056451612903226,2.5637096774193546,1.596774193548387,0.5032258064516129,930.9895161290323,0.0,0.0,2.367741935483871,1.071774193548387,1.2959677419354838,0.0,0.9822580645161291
912,2113.2761413843887,5.330684830633284,2.9970544918998527,2.890279823269514,1.6067746686303388,0.5942562592047128,937.8284241531665,0.0,0.0,2.922680412371134,1.4293078055964654,1.4933726067746687,0.0,0.9072164948453608
913,2062.3347639484978,5.291348865726548,2.5389331698344573,2.8828939301042307,2.0269773145309626,0.4714898835070509,952.8522378908644,0.0,0.0,1.8749233599019006,0.9429797670141018,0.9319435928877989,0.0,0.9313304721030042
914,2094.385703063629,2.213424980361351,3.326001571091909,2.2380204241948154,1.6307934014139827,0.5255302435192458,956.4037706205813,0.0,0.0,2.0102120974076985,0.9261586802827966,1.0840534171249019,0.0,0.9725058915946583
915,2092.7812734082395,7.080359550561798,3.4741573033707867,2.4419475655430714,1.5250936329588014,0.6202247191011236,913.0179775280899,0.0,0.0,2.512359550561798,1.154307116104869,1.358052434456929,0.0,0.899625468164794
916,2080.193569553806,4.676423884514436,2.3464566929133857,2.9284776902887137,1.928477690288714,0.5164041994750657,914.1981627296587,0.0,0.0,2.3746719160104988,1.1988188976377954,1.1758530183727034,0.0,0.9330708661417323
917,2103.1103500761037,1.9863394216133943,3.012937595129376,2.708523592085236,1.6004566210045663,0.4984779299847793,922.2290715372907,0.0,0.0,2.493911719939117,1.1674277016742771,1.32648401826484,0.0,0.9764079147640792
918,2102.364775239499,5.235092114959469,3.395725865880619,2.8142962417096538,1.3448784082535004,0.5910095799557848,916.7803979366249,0.0,0.0,2.2070744288872515,1.1230655858511422,1.084008843036109,0.0,0.9019896831245394
919,2051.231242312423,7.461635916359163,2.6334563345633457,2.7509225092250924,1.988929889298893,0.46863468634686345,912.5670356703567,0.0,0.0,1.36469864698647,0.6722017220172202,0.6924969249692496,0.0,0.9145141451414515
920,2114.1705607476633,1.7020716510903426,2.7258566978193146,2.3068535825545173,1.7819314641744548,0.5031152647975078,932.0584112149533,0.0,0.0,2.4174454828660434,1.087227414330218,1.3302180685358256,0.0,0.9797507788161994
921,2084.1589861751154,4.331612903225807,3.1705069124423964,2.920890937019969,1.403225806451613,0.5960061443932412,917.0983102918586,0.0,0.0,2.335637480798771,1.1390168970814132,1.196620583717358,0.0,0.9247311827956989
922,2096.2874064837906,5.496221945137157,2.2549875311720697,2.7930174563591024,2.245635910224439,0.46384039900249374,925.7693266832918,0.0,0.0,2.724438902743142,1.3572319201995013,1.3672069825436408,0.0,0.92643391521197
923,2101.661572052402,2.883580786026201,2.807132459970888,2.3879184861717615,1.774381368267831,0.4759825327510917,927.3406113537118,0.0,0.0,2.016739446870451,0.9483260553129549,1.0684133915574963,0.0,0.9759825327510917
924,2073.700457317073,5.534405487804878,3.663109756097561,2.3940548780487805,1.4794207317073171,0.6204268292682927,935.5518292682926,0.0,0.0,2.441310975609756,1.0884146341463414,1.3528963414634145,0.0,0.8940548780487805
925,2049.926688102894,7.222070739549839,2.7717041800643085,2.5427652733118973,2.1639871382636655,0.4707395498392283,905.5845659163987,0.0,0.0,2.2662379421221863,1.1807073954983922,1.0855305466237941,0.0,0.929903536977492
926,2103.441489361702,1.5798024316109422,2.654255319148936,2.519756838905775,1.6367781155015197,0.49544072948328266,945.9308510638298,0.0,0.0,2.5182370820668694,1.2127659574468086,1.3054711246200608,0.0,0.9825227963525835
927,2074.8245877061468,4.939902548725637,3.4932533733133435,2.8448275862068964,1.5194902548725637,0.5869565217391305,940.6776611694153,0.0,0.0,2.0539730134932532,0.9632683658170914,1.090704647676162,0.0,0.9070464767616192
928,2056.523217789405,7.031706998037933,2.736429038587312,3.017004578155657,1.7148463047743623,0.4892086330935252,937.6226291693918,0.0,0.0,2.287115761935906,1.1661216481360366,1.1209941137998691,0.0,0.9215173315892741
929,2091.4177029992684,0.9753986832479882,2.91441111923921,2.3906364301389904,1.731528895391368,0.46598390636430137,930.1024140453547,0.0,0.0,1.7856620336503293,0.817117776152158,0.9685442574981712,0.0,0.9809802487198245
930,2072.431419457735,3.401140350877193,3.207336523125997,2.649920255183413,1.6778309409888357,0.6403508771929824,930.4242424242424,0.0,0.0,2.22488038277512,1.0342902711323765,1.1905901116427433,0.0,0.9298245614035088
931,2057.0967741935483,4.5129375428963625,2.5875085792724777,3.0054907343857242,1.9155799588194922,0.5044612216884008,913.8922443376802,0.0,0.0,1.6911461908030199,0.8167467398764585,0.8743994509265615,0.0,0.9361702127659575
932,2083.710696338837,2.971141421392678,2.6999282124910264,2.391959798994975,1.9239052404881551,0.45226130653266333,918.494615936827,0.0,0.0,2.4953338119167263,1.178750897343862,1.3165829145728642,0.0,0.9734386216798278
933,2063.5702479338843,4.837535687453043,3.5026296018031555,2.591284748309542,1.5484598046581517,0.5830202854996244,937.0338091660406,0.0,0.0,2.2201352366641625,1.0270473328324567,1.1930879038317055,0.0,0.9083395942900075
934,2043.3060317460317,5.25240634920635,2.744761904761905,2.459047619047619,1.9828571428571429,0.446984126984127,919.3352380952381,0.0,0.0,1.2958730158730158,0.6387301587301587,0.6571428571428571,0.0,0.9352380952380952
935,2098.455344070278,0.6449853587115666,2.9355783308931187,2.1259150805270863,1.8389458272327965,0.4428989751098097,914.1888726207907,0.0,0.0,2.3455344070278183,1.075402635431918,1.2701317715959004,0.0,0.986090775988287
936,2072.330900243309,5.207607461476075,3.2246553122465533,2.806163828061638,1.478507704785077,0.6472019464720195,906.9164639091647,0.0,0.0,2.623682076236821,1.2408759124087592,1.3828061638280615,0.0,0.910786699107867
937,2040.55729492799,6.168941765810895,2.6812773951158424,2.947401377582968,1.8572323105823418,0.4884157795867251,929.2986850344396,0.0,0.0,1.693800876643707,0.8622417031934878,0.8315591734502191,0.0,0.9167188478396995
938,2080.9091603053434,2.3600687022900764,3.0770992366412213,2.5854961832061067,1.5282442748091603,0.4725190839694656,896.1732824427481,0.0,0.0,2.284732824427481,1.1259541984732824,1.1587786259541986,0.0,0.9793893129770992
939,2071.1872713972202,3.5593708851499635,3.4608632040965617,2.538405267008047,1.5449890270665692,0.5969275786393563,930.6166788588149,0.0,0.0,2.0212143379663496,0.9261155815654718,1.0950987564008778,0.0,0.9151426481346013
940,2069.5072463768115,3.9816864295125165,2.3399209486166006,2.6436100131752305,2.1001317523056655,0.4743083003952569,923.3932806324111,0.0,0.0,2.1772068511198945,1.1021080368906455,1.075098814229249,0.0,0.9499341238471674
941,2088.733333333333,1.3408641975308642,2.8757201646090533,2.5530864197530865,1.5662551440329218,0.5061728395061729,946.2065843621399,0.0,0.0,2.869135802469136,1.4296296296296296,1.4395061728395062,0.0,0.9777777777777777
942,2084.40719002201,4.3772487160674975,2.815113719735877,2.7872340425531914,1.6478356566397652,0.5641966250917094,919.7439471753485,0.0,0.0,2.5693323550990463,1.231107850330154,1.338224504768892,0.0,0.9082905355832722
943,2068.072818581293,4.139435028248587,2.4300062774639044,2.9271814187068426,2.029504080351538,0.4155681104833647,947.0025109855618,0.0,0.0,1.8857501569365975,0.9215317011927181,0.9642184557438794,0.0,0.9548022598870056
944,2103.6024464831803,2.147974006116208,3.2370030581039755,2.212538226299694,1.6116207951070336,0.5007645259938838,913.9449541284404,0.0,0.0,1.9403669724770642,0.9235474006116208,1.0168195718654434,0.0,0.9755351681957186
945,2085.495873968492,5.5070367591897975,3.40735183795949,2.3840960240060016,1.5258814703675918,0.5911477869467366,922.8027006751688,0.0,0.0,2.6856714178544636,1.3495873968492123,1.3360840210052514,0.0,0.9062265566391597
946,2075.1059210526314,5.744690789473684,2.2519736842105265,2.960526315789474,1.8868421052631579,0.4888157894736842,919.9822368421053,0.0,0.0,2.575657894736842,1.2953947368421053,1.2802631578947368,0.0,0.9355263157894737
947,2093.434944237918,0.7686468401486989,2.916728624535316,2.588104089219331,1.5635687732342007,0.4706319702602231,953.9657992565055,0.0,0.0,2.717472118959108,1.2371747211895912,1.4802973977695166,0.0,0.9843866171003718
948,2078.289613343442,5.814692949203942,3.4761182714177408,2.8627748294162245,1.3085670962850644,0.6125852918877938,910.8006065200909,0.0,0.0,2.9628506444275966,1.4359363153904474,1.5269143290371494,0.0,0.8946171341925702
949,2058.685072815534,4.361049757281553,2.5843446601941746,2.746359223300971,1.9769417475728155,0.4557038834951456,940.2542475728155,0.0,0.0,1.612257281553398,0.8155339805825242,0.7967233009708737,0.0,0.9296116504854369
950,2105.115354637568,1.2184333593141075,2.681215900233827,2.3008573655494935,1.6804364770070148,0.48713951675759937,941.7412314886984,0.0,0.0,2.726422447388932,1.3102104442712392,1.4162120031176928,0.0,0.9828526890101325
951,2064.734872611465,4.940947452229299,3.1847133757961785,2.9522292993630574,1.3964968152866242,0.6234076433121019,936.6369426751593,0.0,0.0,2.28343949044586,1.1512738853503184,1.1321656050955413,0.0,0.9076433121019108
952,2078.622057001239,4.447571251548947,2.255266418835192,2.720570012391574,2.198265179677819,0.45724907063197023,928.6201982651796,0.0,0.0,2.592936802973978,1.3444857496902107,1.248451053283767,0.0,0.9392812887236679
953,2079.8943710910353,2.262856150104239,2.599027102154274,2.383599722029187,1.8471160528144546,0.4343293954134816,960.4878387769285,0.0,0.0,2.2258512856150103,1.050034746351633,1.1758165392633773,0.0,0.9763724808895066
954,2046.3315868263473,6.2844760479041915,3.5494011976047903,2.342814371257485,1.4857784431137724,0.6032934131736527,947.8233532934132,0.0,0.0,2.787425149700599,1.2732035928143712,1.5142215568862276,0.0,0.9019461077844312
955,2075.277490297542,3.466772315653299,2.7069857697283313,2.45019404915912,2.164294954721863,0.4611901681759379,925.130659767141,0.0,0.0,2.1034928848641656,1.113842173350582,0.9896507115135834,0.0,0.9514877102199224
956,2102.37421875,0.9143515624999999,2.703125,2.55625,1.6015625,0.49765625,934.121875,0.0,0.0,2.25,1.0828125,1.1671875,0.0,0.98359375
957,2070.1372549019607,3.7315610859728507,3.5641025641025643,2.7918552036199094,1.4939668174962293,0.6070889894419306,958.525641025641,0.0,0.0,1.5980392156862746,0.7767722473604827,0.8212669683257918,0.0,0.9200603318250377
958,2063.571707953064,6.18771186440678,2.6773142112125163,2.9745762711864407,1.683181225554107,0.48565840938722293,913.7574967405476,0.0,0.0,2.8116036505867013,1.3735332464146024,1.438070404172099,0.0,0.9341590612777053
959,2087.309077269317,2.5233233308327083,3.0270067516879218,2.3488372093023258,1.6391597899474868,0.4568642160540135,928.046511627907,0.0,0.0,1.8132033008252062,0.8469617404351087,0.9662415603900976,0.0,0.972993248312078
960,2067.337037037037,4.282718518518519,3.0992592592592594,2.457037037037037,1.5622222222222222,0.5681481481481482,961.2451851851852,0.0,0.0,3.094074074074074,1.4896296296296296,1.6044444444444443,0.0,0.9162962962962963
961,2056.1019714479944,5.500958531611149,2.537049626104691,2.937457511896669,1.8735554044867437,0.4697484704282801,935.7158395649218,0.0,0.0,1.680489462950374,0.8191706322229776,0.8613188307273963,0.0,0.9408565601631543
962,2090.426334519573,2.4286405693950175,2.6491103202846977,2.311743772241993,1.8234875444839858,0.4441281138790036,938.1124555160143,0.0,0.0,2.483274021352313,1.1715302491103203,1.311743772241993,0.0,0.9772241992882562
963,2067.9931714719273,5.478770864946889,3.47040971168437,2.5743550834597877,1.5758725341426403,0.6084977238239757,957.2837632776934,0.0,0.0,2.2716236722306524,1.0326251896813354,1.2389984825493172,0.0,0.9089529590288316
964,2046.1590062111802,5.355695652173913,2.77888198757764,2.404968944099379,1.9267080745341616,0.4763975155279503,927.8726708074535,0.0,0.0,1.4273291925465839,0.7254658385093168,0.7018633540372671,0.0,0.9298136645962732
965,2087.891710231516,1.9721956684092605,2.967139656460045,2.123226288274832,1.7976101568334577,0.4682598954443615,929.790141896938,0.0,0.0,2.3831217326362957,1.117998506348021,1.2651232262882748,0.0,0.9768483943241225
966,2069.346955128205,4.413277243589744,3.3060897435897436,2.7475961538461537,1.4110576923076923,0.6225961538461539,942.4775641025641,0.0,0.0,2.2315705128205128,1.0224358974358974,1.2091346153846154,0.0,0.9166666666666666
967,2061.7722152690862,5.120325406758448,2.6802252816020027,2.9198998748435545,1.8166458072590739,0.48685857321652065,912.023153942428,0.0,0.0,1.9211514392991238,0.9549436795994993,0.9662077596996246,0.0,0.9161451814768461
968,2101.3977186311786,3.7657034220532317,3.141444866920152,2.5422053231939166,1.5391634980988593,0.4866920152091255,914.0456273764258,0.0,0.0,2.7437262357414447,1.3003802281368821,1.4433460076045628,0.0,0.9619771863117871
969,2066.4830079537237,5.319963846710051,3.336948662328272,2.488069414316703,1.5350686912509037,0.579175704989154,943.82140274765,0.0,0.0,1.8185104844540854,0.8676789587852495,0.9508315256688359,0.0,0.9038322487346349
970,2093.6305220883532,4.27313922356091,2.4718875502008033,2.6633199464524764,2.139892904953146,0.5066934404283802,939.074297188755,0.0,0.0,2.5609103078982596,1.3319946452476572,1.2289156626506024,0.0,0.9437751004016064
971,2116.8230834035385,1.0012636899747263,2.9090143218197135,2.54759898904802,1.552653748946925,0.5054759898904801,939.1171019376579,0.0,0.0,2.658803706823926,1.3150800336983994,1.3437236731255264,0.0,0.9823083403538332
972,2096.9927431059505,4.828258345428157,2.8120464441219157,2.795355587808418,1.6349782293178519,0.5689404934687954,933.6161103047896,0.0,0.0,2.8773584905660377,1.3686502177068214,1.5087082728592163,0.0,0.9063860667634253
973,2072.4683229813663,3.628260869565217,2.487577639751553,2.86583850931677,1.9925465838509318,0.43478260869565216,938.0540372670807,0.0,0.0,2.287577639751553,1.1391304347826088,1.148447204968944,0.0,0.9552795031055901
974,2101.6190476190477,1.911036866359447,3.162826420890937,2.237327188940092,1.6751152073732718,0.4738863287250384,917.2811059907834,0.0,0.0,3.377112135176651,1.5314900153609832,1.8456221198156681,0.0,0.9754224270353302
975,2100.839259259259,5.0809037037037035,3.437777777777778,2.4044444444444446,1.5207407407407407,0.5718518518518518,942.7540740740741,0.0,0.0,3.174074074074074,1.548888888888889,1.6251851851851853,0.0,0.9074074074074074
976,2071.77734375,5.11837890625,2.32421875,2.9153645833333335,1.9361979166666667,0.509765625,928.408203125,0.0,0.0,3.40234375,1.7395833333333333,1.6627604166666667,0.0,0.927734375
977,2095.248489425982,1.3409441087613294,2.93202416918429,2.5770392749244713,1.5506042296072509,0.48413897280966767,942.8746223564955,0.0,0.0,3.093655589123867,1.5566465256797584,1.5370090634441087,0.0,0.979607250755287
978,2086.123287671233,6.020205479452055,3.4452054794520546,2.8751902587519025,1.3668188736681888,0.6126331811263318,895.8805175038052,0.0,0.0,3.0487062404870624,1.5532724505327244,1.495433789954338,0.0,0.8888888888888888
979,2047.8946723821189,6.325866503368034,2.6325780771586036,2.7305572565829763,1.9565217391304348,0.46785058175137784,917.7127985303123,0.0,0.0,1.7085119412124923,0.8701775872627067,0.8383343539497856,0.0,0.9283527250459277
980,2115.971820258949,1.1631454683929932,2.638233054074638,2.313023610053313,1.734958111195735,0.472962680883473,915.9680121858339,0.0,0.0,2.766945925361767,1.3952779893373952,1.3716679360243718,0.0,0.9824828636709825
981,2071.78599840891,4.7030230708035,3.128082736674622,2.9610182975338106,1.3969769291964995,0.6125696101829753,904.6364359586316,0.0,0.0,2.786793953858393,1.316626889419252,1.470167064439141,0.0,0.9148766905330151
982,2080.5643869377695,5.452624768946396,2.2415280345040047,2.7683302526186075,2.203943314849045,0.4688847812692545,921.0554528650647,0.0,0.0,2.317313616759088,1.1663585951940851,1.150955021565003,0.0,0.9303758471965496
983,2084.370153621068,1.6930797366495978,2.7242136064374542,2.3547915142648135,1.7980980248719824,0.47110460863204096,934.3986832479883,0.0,0.0,2.325530358449159,1.1623994147768837,1.163130943672275,0.0,0.9802487198244331
984,2061.45397324941,5.910306845003934,3.5688434303697876,2.3682140047206923,1.5051140833988985,0.6294256490952006,935.5405192761605,0.0,0.0,1.961447678992919,0.9331235247836349,1.028324154209284,0.0,0.8922108575924469
985,2067.6318859364874,4.836597537265068,2.7368762151652626,2.5314322747893714,2.1555411535968894,0.4776409591704472,903.4523655217109,0.0,0.0,2.0926766040181466,1.0790667530784186,1.0136098509397278,0.0,0.931950745301361
986,2108.4079365079365,-0.23525396825396827,2.7452380952380953,2.6476190476190475,1.6761904761904762,0.48253968253968255,922.2285714285714,0.0,0.0,2.6285714285714286,1.3103174603174603,1.3182539682539682,0.0,0.9912698412698413
987,2077.623944742901,4.093867996930161,3.5264773599386032,2.8779739063699155,1.4750575594781274,0.5993860322333078,919.0767459708366,0.0,0.0,2.374520337682272,1.1396776669224866,1.234842670759785,0.0,0.9094397544128934
988,2052.522446324008,6.500240728692258,2.6538711776187376,3.0416395575797006,1.7150292778139233,0.47950553025374104,903.3038386467143,0.0,0.0,2.0435914118412493,1.026024723487313,1.0175666883539363,0.0,0.9232270657124269
989,2080.3652737752163,1.9486239193083574,2.8940922190201728,2.3940922190201728,1.718299711815562,0.44596541786743515,909.5410662824207,0.0,0.0,1.8011527377521614,0.8854466858789626,0.9157060518731989,0.0,0.9769452449567724
990,2079.31643625192,4.582396313364055,3.068356374807988,2.575268817204301,1.5384024577572966,0.5975422427035331,902.7188940092166,0.0,0.0,2.323348694316436,1.1367127496159755,1.1866359447004609,0.0,0.9062980030721967
991,2060.8648083623693,5.117658536585366,2.6174216027874566,3.011149825783972,1.886411149825784,0.47665505226480837,909.7867595818815,0.0,0.0,2.140766550522648,1.0181184668989547,1.1226480836236934,0.0,0.937979094076655
992,2109.0205167173253,1.819338905775076,2.7583586626139818,2.5319148936170213,1.8077507598784195,0.4749240121580547,917.9445288753799,0.0,0.0,2.7477203647416415,1.222644376899696,1.5250759878419453,0.0,0.9787234042553191
993,2069.370257966616,4.9054628224582695,3.3831562974203337,2.550834597875569,1.5629742033383915,0.5993930197268589,938.7852807283763,0.0,0.0,2.0417298937784523,1.0113808801213962,1.0303490136570561,0.0,0.8983308042488619
994,2056.655327342747,4.804043645699615,2.8029525032092426,2.5006418485237485,1.9743260590500642,0.4621309370988447,935.5250320924262,0.0,0.0,1.9922978177150192,1.0134788189987163,0.978818998716303,0.0,0.9338896020539152
995,2103.0209895052476,2.499872563718141,2.928785607196402,2.194152923538231,1.8253373313343328,0.4745127436281859,904.5989505247376,0.0,0.0,2.952023988005997,1.3695652173913044,1.5824587706146926,0.0,0.9737631184407796
996,2096.5226917057903,5.2828169014084505,3.1948356807511735,2.723787167449139,1.4170579029733958,0.621283255086072,913.254303599374,0.0,0.0,3.0062597809076683,1.4710485133020343,1.5352112676056338,0.0,0.9139280125195618
997,2052.806818181818,5.026130050505051,2.6887626262626263,3.0119949494949494,1.8396464646464648,0.4981060606060606,904.7840909090909,0.0,0.0,2.0839646464646466,1.0132575757575757,1.0707070707070707,0.0,0.9166666666666666
998,2097.110946745562,2.0689866863905326,3.044378698224852,2.5414201183431953,1.4667159763313609,0.46375739644970415,897.5414201183432,0.0,0.0,3.110207100591716,1.5125739644970415,1.5976331360946745,0.0,0.974112426035503
999,2060.9489051094893,4.301007299270073,3.413868613138686,2.543065693430657,1.5087591240875913,0.5751824817518248,938.2270072992701,0.0,0.0,2.3635036496350366,1.0671532846715328,1.2963503649635038,0.0,0.9007299270072993
1000,2063.8978388998034,4.584512115258677,2.3654223968565815,2.6083824492468892,2.08316961362148,0.49443352979698757,913.5651604453176,0.0,0.0,2.6182056319580878,1.3084479371316307,1.309757694826457,0.0,0.9404060248853962
